0.0767973856209 175.011038441
0.0860365837275 89.5687976878
0.096387314225 73.2103717137
0.1079833013 61.68064262
0.120974356983 50.73266157
0.135528316613 43.1063600281
0.151833207152 35.1743842754
0.170099676365 30.6741010992
0.190563714236 25.3301956538
0.213489701801 21.8503629529
0.239173826758 18.399748401
0.267947910009 15.7381989226
0.300183692553 13.4422117863
0.336297638119 11.7238686169
0.376756313583 10.0146891523
0.422082416691 8.65493388877
0.472861528943 7.47842698519
0.529749680898 6.39051788862
0.593481827626 5.53447933992
0.664881343817 4.75810169839
0.744870661203 4.13868379879
0.834483185732 3.60990571716
0.934876648442 3.15805002471
1.04734806254 2.78238385743
1.17335047992 2.41886088872
1.31451176353 2.1015010107
1.47265561828 1.8134308303
1.64982515199 1.58191830248
1.84830927091 1.37204256257
2.07067225082 1.20187206075
2.31978686565 1.04530354905
2.59887150172 0.913166617959
2.91153173701 0.79579977616
3.26180692274 0.686352567632
3.65422236893 0.593511796773
4.09384780825 0.509365689827
4.5863628934 0.432668277278
5.13813057427 0.362568659996
5.75627930276 0.303505775545
6.44879512742 0.245874790274
7.22462486758 0.192282799038
8.09379169998 0.151184354273
9.06752465124 0.111730398944
10.158403669 0.0821078697844
11.3805221458 0.0649295012777
12.7496689965 0.048645274158
14.2835326391 0.0331009871933
16.0019295175 0.0190895949467
17.9270601154 0.00666124701028
20.0837957716 -0.00681564469011
22.5 -0.016476969809
