0.0767973856209 51.3128176728
0.0860365837275 17.4033975604
0.096387314225 38.2653160857
0.1079833013 8.30845659976
0.120974356983 28.7906532851
0.135528316613 8.4164530202
0.151833207152 15.742379726
0.170099676365 16.8606920219
0.190563714236 12.5492994308
0.213489701801 12.2498015529
0.239173826758 9.70820154394
0.267947910009 7.83414169703
0.300183692553 6.58270643281
0.336297638119 4.5468769778
0.376756313583 4.58863883516
0.422082416691 4.76709921626
0.472861528943 3.6003791951
0.529749680898 2.74480302286
0.593481827626 3.03699025034
0.664881343817 2.19010535549
0.744870661203 1.83599116954
0.834483185732 2.16660841632
0.934876648442 2.03385566918
1.04734806254 1.60144446945
1.17335047992 1.27458284657
1.31451176353 1.30138304009
1.47265561828 1.1248214815
1.64982515199 1.11798189742
1.84830927091 0.903527780721
2.07067225082 0.740578136092
2.31978686565 0.715776086092
2.59887150172 0.624891663332
2.91153173701 0.571136919158
3.26180692274 0.486360305473
3.65422236893 0.429395845034
4.09384780825 0.366005165875
4.5863628934 0.329591774198
5.13813057427 0.289660824236
5.75627930276 0.226419151159
6.44879512742 0.191629194484
7.22462486758 0.139508918372
8.09379169998 0.112911666465
9.06752465124 0.0896723774691
10.158403669 0.0747834919321
11.3805221458 0.0594947259958
12.7496689965 0.0461395287964
14.2835326391 0.0333709484074
16.0019295175 0.0179891641425
17.9270601154 0.00762641533138
20.0837957716 0.00159581986079
22.5 -0.00900843911458
