0.0767973856209 38.8604588957
0.0860365837275 17.8669292094
0.096387314225 14.2313578374
0.1079833013 13.7012418311
0.120974356983 13.3074950307
0.135528316613 10.1538538821
0.151833207152 9.53039186297
0.170099676365 7.51193339259
0.190563714236 6.5084159562
0.213489701801 6.15888643225
0.239173826758 5.34938698991
0.267947910009 4.11493919115
0.300183692553 4.13844190231
0.336297638119 3.40582474948
0.376756313583 3.21734958149
0.422082416691 2.64501763097
0.472861528943 2.41087327818
0.529749680898 2.12591014954
0.593481827626 1.95563878802
0.664881343817 1.74618818562
0.744870661203 1.49920431446
0.834483185732 1.36310234964
0.934876648442 1.22255846938
1.04734806254 1.07562740146
1.17335047992 0.953430233169
1.31451176353 0.857583149407
1.47265561828 0.756307572112
1.64982515199 0.671045091873
1.84830927091 0.607990488574
2.07067225082 0.52967407411
2.31978686565 0.461341302975
2.59887150172 0.414075548314
2.91153173701 0.360375235962
3.26180692274 0.312250359298
3.65422236893 0.275517650563
4.09384780825 0.238801108884
4.5863628934 0.204953635145
5.13813057427 0.173777303701
5.75627930276 0.140162430559
6.44879512742 0.113163993332
7.22462486758 0.0923221406835
8.09379169998 0.0738446364457
9.06752465124 0.0547920504826
10.158403669 0.0418256483715
11.3805221458 0.0347233418794
12.7496689965 0.0259609474864
14.2835326391 0.0163386365103
16.0019295175 0.00860321144077
17.9270601154 0.00218408961919
20.0837957716 -0.00429248265272
22.5 -0.0103770619712
