0.0767973856209 175.699499671
0.0928056261447 56.7636834033
0.11215074803 -1.0
0.135528316613 17.5475974915
0.163778886246 4.25501619326
0.197918222925 19.844356411
0.239173826758 5.74942589678
0.289029067464 4.73686307336
0.349276519808 3.87620701757
0.422082416691 5.14024942543
0.510064537341 3.52319964663
0.616386331115 3.23893987502
0.744870661203 3.13368056061
0.90013725794 2.07038841553
1.08776882395 1.74428623426
1.31451176353 1.11406191798
1.58851875364 0.894814318116
1.9196418782 1.03317704734
2.31978686565 0.727230982468
2.80334116648 0.626341155005
3.38769126252 0.526052414158
4.09384780825 0.401754581765
4.94720108131 0.291177828372
5.97843390504 0.223015409712
7.22462486758 0.14397949077
8.7305815045 0.0791712728307
10.5504513804 0.0520652297049
12.7496689965 0.0282637484637
15.4073085274 0.0133043306348
18.6189269795 0.00710167543401
22.5 -0.000992486027762
