0.0767973856209 725.361481269
0.0860365837275 765.591422925
0.096387314225 725.929891457
0.1079833013 645.237827068
0.120974356983 182.840927293
0.135528316613 521.988366395
0.151833207152 463.934609861
0.170099676365 594.188068578
0.190563714236 210.647944956
0.213489701801 233.147441816
0.239173826758 189.314202445
0.267947910009 100.513148456
0.300183692553 119.326388644
0.336297638119 97.4121132754
0.376756313583 75.0765072607
0.422082416691 63.9264483797
0.472861528943 43.6363038118
0.529749680898 41.6918199434
0.593481827626 25.4696875054
0.664881343817 27.2377382541
0.744870661203 19.8701435778
0.834483185732 14.6829381357
0.934876648442 12.942070593
1.04734806254 14.0149862104
1.17335047992 11.491960222
1.31451176353 9.10224403159
1.47265561828 7.81525096118
1.64982515199 5.99416255362
1.84830927091 5.34020579604
2.07067225082 4.38896562325
2.31978686565 3.73210685583
2.59887150172 2.97736131268
2.91153173701 2.85070665095
3.26180692274 2.28727048943
3.65422236893 2.05494032904
4.09384780825 1.71345808637
4.5863628934 1.43080941073
5.13813057427 1.15108242929
5.75627930276 0.930008398771
6.44879512742 0.73791866309
7.22462486758 0.496667600495
8.09379169998 0.37749157645
9.06752465124 0.231351484495
10.158403669 0.187929685005
11.3805221458 0.184691658755
12.7496689965 0.0971982413211
14.2835326391 0.0903202492359
16.0019295175 0.0663584845042
17.9270601154 0.0476069313702
20.0837957716 -0.00120313833886
22.5 -0.0337765248222
