0.0767973856209 112.049760744
0.0860365837275 53.8062352803
0.096387314225 46.1043788088
0.1079833013 38.6907327993
0.120974356983 31.9425846169
0.135528316613 26.9088859881
0.151833207152 22.7212861394
0.170099676365 19.0536999236
0.190563714236 15.8352299438
0.213489701801 13.7986020189
0.239173826758 11.6822816961
0.267947910009 9.88333517126
0.300183692553 8.37373418986
0.336297638119 7.23447382432
0.376756313583 6.28888089079
0.422082416691 5.40656917589
0.472861528943 4.70720985175
0.529749680898 4.09865022105
0.593481827626 3.56143331103
0.664881343817 3.12366417533
0.744870661203 2.73490928332
0.834483185732 2.39816372789
0.934876648442 2.10946125673
1.04734806254 1.85131515344
1.17335047992 1.62080429191
1.31451176353 1.4365849765
1.47265561828 1.25196260145
1.64982515199 1.09693585201
1.84830927091 0.954649401301
2.07067225082 0.828427481854
2.31978686565 0.730452745878
2.59887150172 0.638007155062
2.91153173701 0.559275886082
3.26180692274 0.487865601937
3.65422236893 0.423909245323
4.09384780825 0.36377285655
4.5863628934 0.309232887693
5.13813057427 0.258274664881
5.75627930276 0.211021912244
6.44879512742 0.169448086408
7.22462486758 0.134906879857
8.09379169998 0.106642967556
9.06752465124 0.0782248192811
10.158403669 0.0581040728782
11.3805221458 0.0453859293925
12.7496689965 0.0342938705723
14.2835326391 0.0226584090789
16.0019295175 0.0123293659459
17.9270601154 0.00335104547122
20.0837957716 -0.0047895167589
22.5 -0.0125898069083
