0.0767973856209 64.5647825952
0.0928056261447 36.7227071852
0.11215074803 22.3188863158
0.135528316613 10.0114104405
0.163778886246 16.4709843219
0.197918222925 6.07140530626
0.239173826758 6.2126461596
0.289029067464 3.65470727911
0.349276519808 4.27519796304
0.422082416691 4.03060696636
0.510064537341 3.15196563871
0.616386331115 2.40617591715
0.744870661203 1.73267317005
0.90013725794 1.70983054174
1.08776882395 1.39167969575
1.31451176353 1.1095075321
1.58851875364 0.955105507956
1.9196418782 0.73406540992
2.31978686565 0.578765828552
2.80334116648 0.459123809923
3.38769126252 0.39847212986
4.09384780825 0.29775925524
4.94720108131 0.231779920745
5.97843390504 0.171998017738
7.22462486758 0.120694009304
8.7305815045 0.0805500974965
10.5504513804 0.0496086398739
12.7496689965 0.0323449567697
15.4073085274 0.0200603522071
18.6189269795 0.00576750428342
22.5 -0.00981265327446
