0.0767973856209 40.340159639
0.0860365837275 17.1993984007
0.096387314225 17.2015931543
0.1079833013 14.5338992405
0.120974356983 11.1728851575
0.135528316613 10.4218394395
0.151833207152 9.86539522456
0.170099676365 7.90494895919
0.190563714236 6.53699785
0.213489701801 6.18427657876
0.239173826758 5.6449128726
0.267947910009 5.08146101144
0.300183692553 4.39635218696
0.336297638119 3.75210053776
0.376756313583 3.42270620761
0.422082416691 2.90166307562
0.472861528943 2.57476118078
0.529749680898 2.27936286687
0.593481827626 1.89281508364
0.664881343817 1.80414795669
0.744870661203 1.58544876545
0.834483185732 1.4147010528
0.934876648442 1.25349406199
1.04734806254 1.07826356514
1.17335047992 0.980754517911
1.31451176353 0.862461681669
1.47265561828 0.769939603938
1.64982515199 0.682064120977
1.84830927091 0.60002890112
2.07067225082 0.531294969347
2.31978686565 0.48361780857
2.59887150172 0.414459634148
2.91153173701 0.368832204536
3.26180692274 0.319385770889
3.65422236893 0.2737563542
4.09384780825 0.236570259547
4.5863628934 0.204844912567
5.13813057427 0.171122478654
5.75627930276 0.1419727445
6.44879512742 0.116565541538
7.22462486758 0.0923960555482
8.09379169998 0.0730278172068
9.06752465124 0.0551993518623
10.158403669 0.0411305795866
11.3805221458 0.0327986464517
12.7496689965 0.0253983486303
14.2835326391 0.0166157851201
16.0019295175 0.00879310433416
17.9270601154 0.00268760461403
20.0837957716 -0.00261801209269
22.5 -0.00780040435174
