0.0767973856209 355.343099416
0.0860365837275 201.382648528
0.096387314225 151.929774762
0.1079833013 150.948555752
0.120974356983 134.366053545
0.135528316613 114.283593585
0.151833207152 97.6748786117
0.170099676365 80.6347771458
0.190563714236 61.2781810777
0.213489701801 51.5709346369
0.239173826758 40.4362281696
0.267947910009 36.5301942051
0.300183692553 31.5731338689
0.336297638119 25.1840980021
0.376756313583 21.2749073276
0.422082416691 17.466528579
0.472861528943 14.6857189969
0.529749680898 12.4450114846
0.593481827626 10.6526947468
0.664881343817 9.38403809986
0.744870661203 7.52051418738
0.834483185732 6.67824130651
0.934876648442 5.86443879195
1.04734806254 5.00560868743
1.17335047992 4.37449335638
1.31451176353 3.61631265646
1.47265561828 3.0779513336
1.64982515199 2.68907698108
1.84830927091 2.26027868288
2.07067225082 1.96256908339
2.31978686565 1.68781629333
2.59887150172 1.47748705504
2.91153173701 1.27523088543
3.26180692274 1.07084521581
3.65422236893 0.935398974533
4.09384780825 0.78006365222
4.5863628934 0.675814552862
5.13813057427 0.565634637863
5.75627930276 0.474730145338
6.44879512742 0.371924239586
7.22462486758 0.292285266697
8.09379169998 0.232079594017
9.06752465124 0.171132984157
10.158403669 0.126861840435
11.3805221458 0.108124548895
12.7496689965 0.0850450029337
14.2835326391 0.0586904323518
16.0019295175 0.0335068407729
17.9270601154 0.0121208432854
20.0837957716 -0.0101286082964
22.5 -0.0236114310805
