0.0767973856209 38.0617582058
0.0860365837275 18.0009225028
0.096387314225 16.9052504453
0.1079833013 15.4582985827
0.120974356983 14.9770211967
0.135528316613 10.4235711022
0.151833207152 8.4208560653
0.170099676365 9.17306229207
0.190563714236 6.27876634882
0.213489701801 6.33745378358
0.239173826758 5.6224705792
0.267947910009 4.76350965338
0.300183692553 4.32365414793
0.336297638119 3.87190497674
0.376756313583 3.38413837943
0.422082416691 2.97291698498
0.472861528943 2.66245410262
0.529749680898 2.43294731866
0.593481827626 2.12025902394
0.664881343817 1.82947894295
0.744870661203 1.68870088306
0.834483185732 1.57128622195
0.934876648442 1.39647714049
1.04734806254 1.20547332614
1.17335047992 1.06368207033
1.31451176353 0.95835518716
1.47265561828 0.855882289157
1.64982515199 0.755024328706
1.84830927091 0.671777794561
2.07067225082 0.583307850406
2.31978686565 0.510862786321
2.59887150172 0.458911722187
2.91153173701 0.395576336971
3.26180692274 0.346335905852
3.65422236893 0.305884102003
4.09384780825 0.263622175718
4.5863628934 0.226784598201
5.13813057427 0.194702753365
5.75627930276 0.161691421997
6.44879512742 0.133956108816
7.22462486758 0.107775394431
8.09379169998 0.0872977821414
9.06752465124 0.0655020365053
10.158403669 0.0500986011034
11.3805221458 0.0384072029939
12.7496689965 0.028043662697
14.2835326391 0.0208578264697
16.0019295175 0.0108712363235
17.9270601154 0.00290315639586
20.0837957716 -0.00321029929018
22.5 -0.00997226546446
