0.0767973856209 41.3752710226
0.0860365837275 20.9320625059
0.096387314225 16.0882702798
0.1079833013 13.9087745687
0.120974356983 14.025208803
0.135528316613 11.3298631924
0.151833207152 11.0986231806
0.170099676365 8.27334031722
0.190563714236 7.42073437181
0.213489701801 6.47914247902
0.239173826758 5.73671374024
0.267947910009 4.92416714008
0.300183692553 4.36112104054
0.336297638119 3.71806306279
0.376756313583 3.3702647887
0.422082416691 3.04516847652
0.472861528943 2.8083942262
0.529749680898 2.32849698604
0.593481827626 2.08180791372
0.664881343817 1.83226237545
0.744870661203 1.64439602982
0.834483185732 1.47165398663
0.934876648442 1.28472502929
1.04734806254 1.14210014624
1.17335047992 1.01096929798
1.31451176353 0.888269537722
1.47265561828 0.796100035173
1.64982515199 0.709428095396
1.84830927091 0.614721269885
2.07067225082 0.550923601298
2.31978686565 0.48058158378
2.59887150172 0.426610593194
2.91153173701 0.372789171459
3.26180692274 0.33295439749
3.65422236893 0.282711099737
4.09384780825 0.245593533121
4.5863628934 0.211370352217
5.13813057427 0.179358496239
5.75627930276 0.145803269827
6.44879512742 0.117968359967
7.22462486758 0.0946857969683
8.09379169998 0.0750386669705
9.06752465124 0.0560746116022
10.158403669 0.0410344378731
11.3805221458 0.0310964581112
12.7496689965 0.0236360952662
14.2835326391 0.0157513451101
16.0019295175 0.00775342063328
17.9270601154 0.0016442844253
20.0837957716 -0.00306345527665
22.5 -0.00827161178666
