0.0767973856209 141.737482603
0.0860365837275 68.4093974154
0.096387314225 54.8735717734
0.1079833013 48.0070252399
0.120974356983 39.9000595841
0.135528316613 32.8764871714
0.151833207152 27.3610055129
0.170099676365 23.6345379578
0.190563714236 20.2993866124
0.213489701801 16.8775819019
0.239173826758 14.8107031386
0.267947910009 12.509053882
0.300183692553 10.7786440512
0.336297638119 9.36635365902
0.376756313583 7.99073284638
0.422082416691 6.91615812423
0.472861528943 6.02661673905
0.529749680898 5.2221054059
0.593481827626 4.48498495558
0.664881343817 3.90160002216
0.744870661203 3.42186321394
0.834483185732 2.97376081415
0.934876648442 2.62997790818
1.04734806254 2.31735675274
1.17335047992 2.0160856855
1.31451176353 1.76768074241
1.47265561828 1.53656691405
1.64982515199 1.34241603858
1.84830927091 1.17074626006
2.07067225082 1.02513120999
2.31978686565 0.894847365305
2.59887150172 0.785504005844
2.91153173701 0.68476091448
3.26180692274 0.591045037577
3.65422236893 0.512136322391
4.09384780825 0.439602031258
4.5863628934 0.375105526901
5.13813057427 0.31486376785
5.75627930276 0.262824231217
6.44879512742 0.210628089556
7.22462486758 0.166832937151
8.09379169998 0.132092329649
9.06752465124 0.0979411766375
10.158403669 0.0720480462065
11.3805221458 0.0568350359721
12.7496689965 0.0436485490672
14.2835326391 0.0292215832192
16.0019295175 0.0167242243664
17.9270601154 0.00528521645597
20.0837957716 -0.00624658198102
22.5 -0.015324419086
