0.0767973856209 -1.0
0.0860365837275 -1.0
0.096387314225 -1.0
0.1079833013 -1.0
0.120974356983 -1.0
0.135528316613 -1.0
0.151833207152 -1.0
0.170099676365 -1.0
0.190563714236 -1.0
0.213489701801 -1.0
0.239173826758 -1.0
0.267947910009 -1.0
0.300183692553 -1.0
0.336297638119 -1.0
0.376756313583 -1.0
0.422082416691 -1.0
0.472861528943 -1.0
0.529749680898 -1.0
0.593481827626 -1.0
0.664881343817 -1.0
0.744870661203 7.06006863535
0.834483185732 4.73229556483
0.934876648442 7.15358129792
1.04734806254 1.89940073876
1.17335047992 7.24817889146
1.31451176353 1.93303949485
1.47265561828 4.21492125206
1.64982515199 2.70883565843
1.84830927091 0.582627381279
2.07067225082 -0.624813454702
2.31978686565 0.334157478612
2.59887150172 0.138618343357
2.91153173701 0.0797090653435
3.26180692274 0.727742836298
3.65422236893 0.160500554426
4.09384780825 0.165192036197
4.5863628934 0.0358511576397
5.13813057427 0.252379967365
5.75627930276 0.170120461681
6.44879512742 0.105441113613
7.22462486758 0.17486260899
8.09379169998 0.174807966499
9.06752465124 0.0321126269426
10.158403669 0.13124049826
11.3805221458 0.0282676626468
12.7496689965 0.0173920192939
14.2835326391 0.0356252945922
16.0019295175 0.0576490490407
17.9270601154 0.0314518800211
20.0837957716 0.0341462136554
22.5 0.0349380505206
