0.0767973856209 399.37496262
0.0860365837275 223.25527102
0.096387314225 194.23732559
0.1079833013 173.054134067
0.120974356983 118.614167669
0.135528316613 90.9934602951
0.151833207152 79.9024515109
0.170099676365 72.5480243669
0.190563714236 59.8470632361
0.213489701801 52.9030016566
0.239173826758 39.1354415072
0.267947910009 31.7682299102
0.300183692553 29.6784033214
0.336297638119 22.3074728858
0.376756313583 20.3648821968
0.422082416691 17.6985730464
0.472861528943 13.9985080124
0.529749680898 12.3501783902
0.593481827626 10.0613326834
0.664881343817 8.44181775157
0.744870661203 7.03177297978
0.834483185732 6.27581524615
0.934876648442 5.22933488762
1.04734806254 4.59840367351
1.17335047992 3.78489253462
1.31451176353 3.53046812067
1.47265561828 2.8535126987
1.64982515199 2.40025986354
1.84830927091 2.16077245519
2.07067225082 1.77794961034
2.31978686565 1.58517559012
2.59887150172 1.38175040226
2.91153173701 1.22237460505
3.26180692274 1.01621596129
3.65422236893 0.906115461637
4.09384780825 0.746569154374
4.5863628934 0.613154528266
5.13813057427 0.513162585397
5.75627930276 0.410341321522
6.44879512742 0.325697568867
7.22462486758 0.252736303334
8.09379169998 0.200578208298
9.06752465124 0.13799756959
10.158403669 0.102726549526
11.3805221458 0.0854967830976
12.7496689965 0.0701393627026
14.2835326391 0.0506734491958
16.0019295175 0.0308777545404
17.9270601154 0.00852082924661
20.0837957716 -0.0114894871896
22.5 -0.020422013571
