0.0767973856209 129.223208782
0.0860365837275 66.8509338708
0.096387314225 57.7348856339
0.1079833013 47.6252963609
0.120974356983 39.9929993602
0.135528316613 33.9179929325
0.151833207152 27.9106253026
0.170099676365 23.8687875034
0.190563714236 19.9090609303
0.213489701801 17.0273922892
0.239173826758 14.3746776252
0.267947910009 12.2718639337
0.300183692553 10.3619983257
0.336297638119 8.87024345278
0.376756313583 7.69014020759
0.422082416691 6.55584126068
0.472861528943 5.687387836
0.529749680898 4.92334200741
0.593481827626 4.2788308785
0.664881343817 3.73962752482
0.744870661203 3.26572950185
0.834483185732 2.86947444443
0.934876648442 2.51541682173
1.04734806254 2.1941045398
1.17335047992 1.90922780105
1.31451176353 1.68089605058
1.47265561828 1.46169629973
1.64982515199 1.27452967502
1.84830927091 1.11417645995
2.07067225082 0.968274018232
2.31978686565 0.849491861979
2.59887150172 0.741470769441
2.91153173701 0.645175679163
3.26180692274 0.563785485209
3.65422236893 0.49016331202
4.09384780825 0.420071749683
4.5863628934 0.358158387945
5.13813057427 0.299686862291
5.75627930276 0.246323739215
6.44879512742 0.196280787028
7.22462486758 0.155281009957
8.09379169998 0.12284030862
9.06752465124 0.0913365170049
10.158403669 0.0689243505615
11.3805221458 0.0532326622629
12.7496689965 0.0394946122138
14.2835326391 0.0267488177212
16.0019295175 0.0146752418414
17.9270601154 0.00418709006469
20.0837957716 -0.00503873383515
22.5 -0.0142045888234
