0.0767973856209 296.103601652
0.0860365837275 175.680220433
0.096387314225 105.322970186
0.1079833013 119.299078031
0.120974356983 101.667592942
0.135528316613 76.0733632933
0.151833207152 61.644953757
0.170099676365 56.4497854942
0.190563714236 50.4895538125
0.213489701801 38.2878157288
0.239173826758 32.7405240453
0.267947910009 26.8205422111
0.300183692553 22.785723941
0.336297638119 19.2161550361
0.376756313583 15.7784396529
0.422082416691 13.3116546566
0.472861528943 11.3887276077
0.529749680898 9.82916286465
0.593481827626 8.137102795
0.664881343817 7.32407929719
0.744870661203 6.30233707553
0.834483185732 5.26087615505
0.934876648442 4.77864308513
1.04734806254 4.06907189021
1.17335047992 3.61600285016
1.31451176353 2.99294043432
1.47265561828 2.50149064442
1.64982515199 2.277286134
1.84830927091 1.85900573824
2.07067225082 1.62280531101
2.31978686565 1.37690445522
2.59887150172 1.20664602188
2.91153173701 1.05571513431
3.26180692274 0.898117011145
3.65422236893 0.769945488013
4.09384780825 0.665876720013
4.5863628934 0.55819550463
5.13813057427 0.455227643923
5.75627930276 0.38872394189
6.44879512742 0.306005518857
7.22462486758 0.244027762895
8.09379169998 0.190619462324
9.06752465124 0.137573034196
10.158403669 0.102366551096
11.3805221458 0.0807293828992
12.7496689965 0.0621206513323
14.2835326391 0.0382081980927
16.0019295175 0.0228802627952
17.9270601154 0.00624329992637
20.0837957716 -0.00543552007451
22.5 -0.0174861136911
