0.0767973856209 295.37109498
0.0860365837275 165.979895724
0.096387314225 127.095905185
0.1079833013 119.045082523
0.120974356983 104.960338362
0.135528316613 83.4784986374
0.151833207152 66.9323174763
0.170099676365 62.4870112451
0.190563714236 49.9360238571
0.213489701801 40.5672728661
0.239173826758 35.8548922119
0.267947910009 28.4719414841
0.300183692553 23.2071088484
0.336297638119 20.2844042671
0.376756313583 16.8632510868
0.422082416691 14.6757727634
0.472861528943 12.8156261447
0.529749680898 10.3728151336
0.593481827626 8.58021794556
0.664881343817 7.40904613519
0.744870661203 6.514279146
0.834483185732 5.40206014902
0.934876648442 4.7120625441
1.04734806254 4.12740319274
1.17335047992 3.56600793856
1.31451176353 3.06876366141
1.47265561828 2.58620264812
1.64982515199 2.21928456368
1.84830927091 1.91363962806
2.07067225082 1.64690722505
2.31978686565 1.43757049217
2.59887150172 1.26717575486
2.91153173701 1.08431082902
3.26180692274 0.937084779209
3.65422236893 0.817854623506
4.09384780825 0.699662976058
4.5863628934 0.594291795008
5.13813057427 0.494533388824
5.75627930276 0.408137668852
6.44879512742 0.326039893817
7.22462486758 0.257476140454
8.09379169998 0.196656387254
9.06752465124 0.143379014586
10.158403669 0.103355983603
11.3805221458 0.0839200256107
12.7496689965 0.0658698286227
14.2835326391 0.0443575170645
16.0019295175 0.026875857192
17.9270601154 0.00852273438663
20.0837957716 -0.00938705763534
22.5 -0.0215896676473
