0.0767973856209 3736.6180334
0.0860365837275 -1.0
0.096387314225 -1.0
0.1079833013 -1.0
0.120974356983 -1.0
0.135528316613 -1.0
0.151833207152 -1.0
0.170099676365 -1.0
0.190563714236 104.881896223
0.213489701801 149.605745826
0.239173826758 159.665501975
0.267947910009 189.441336185
0.300183692553 215.706050762
0.336297638119 56.7952491716
0.376756313583 53.8050668852
0.422082416691 57.465787833
0.472861528943 19.7903425797
0.529749680898 48.2867550525
0.593481827626 30.5473272197
0.664881343817 36.3939338248
0.744870661203 25.5944485975
0.834483185732 24.2185180452
0.934876648442 16.9353310353
1.04734806254 15.5822166235
1.17335047992 7.61812268614
1.31451176353 9.00024408349
1.47265561828 9.32407748266
1.64982515199 6.83194833589
1.84830927091 6.19465711651
2.07067225082 3.29152444171
2.31978686565 4.28251320298
2.59887150172 3.46654480126
2.91153173701 2.41409492672
3.26180692274 1.91371234044
3.65422236893 1.74794800952
4.09384780825 1.40286723312
4.5863628934 1.043098816
5.13813057427 1.1768673887
5.75627930276 0.698005261326
6.44879512742 0.814156197081
7.22462486758 0.60889154406
8.09379169998 0.60442155194
9.06752465124 0.364160809245
10.158403669 0.302902284461
11.3805221458 0.214448882458
12.7496689965 0.0952847000513
14.2835326391 0.107847381496
16.0019295175 0.0758038777448
17.9270601154 0.011326725728
20.0837957716 0.0221669220915
22.5 -0.0344484280993
