0.0767973856209 566.608070223
0.0860365837275 298.522682188
0.096387314225 638.058779901
0.1079833013 352.497357404
0.120974356983 214.491039916
0.135528316613 228.884828825
0.151833207152 271.488950221
0.170099676365 270.310602934
0.190563714236 118.448488659
0.213489701801 77.4166685738
0.239173826758 87.3020076546
0.267947910009 101.46333938
0.300183692553 67.1702120595
0.336297638119 70.8877577445
0.376756313583 65.583151034
0.422082416691 44.6625238527
0.472861528943 39.2931100533
0.529749680898 22.9515624532
0.593481827626 26.0723317973
0.664881343817 21.7151072439
0.744870661203 18.5397520539
0.834483185732 15.8510079489
0.934876648442 12.6186182574
1.04734806254 10.9546972972
1.17335047992 7.85639923852
1.31451176353 7.56615501754
1.47265561828 6.28677606833
1.64982515199 4.42304173795
1.84830927091 3.93435155368
2.07067225082 3.35439098703
2.31978686565 2.80991490746
2.59887150172 2.71664322946
2.91153173701 2.0348598403
3.26180692274 1.86196430529
3.65422236893 1.48498465608
4.09384780825 1.3187298816
4.5863628934 1.15526383307
5.13813057427 0.945786818423
5.75627930276 0.756550164941
6.44879512742 0.622203236602
7.22462486758 0.436483516993
8.09379169998 0.338818459244
9.06752465124 0.226110927435
10.158403669 0.212110525063
11.3805221458 0.152418683566
12.7496689965 0.11317743147
14.2835326391 0.0811935909588
16.0019295175 0.0551278292822
17.9270601154 0.0330479434663
20.0837957716 0.00195488699369
22.5 -0.0327666815821
