0.0767973856209 -1.0
0.0860365837275 -1.0
0.096387314225 -1.0
0.1079833013 -1.0
0.120974356983 -1.0
0.135528316613 -1.0
0.151833207152 -1.0
0.170099676365 -1.0
0.190563714236 -1.0
0.213489701801 -1.0
0.239173826758 -1.0
0.267947910009 -1.0
0.300183692553 -1.0
0.336297638119 -1.0
0.376756313583 -1.0
0.422082416691 -1.0
0.472861528943 -1.0
0.529749680898 -1.0
0.593481827626 -1.0
0.664881343817 -1.0
0.744870661203 -1.0
0.834483185732 -1.0
0.934876648442 17.6731506978
1.04734806254 5.64014314078
1.17335047992 3.72244900109
1.31451176353 5.71718187246
1.47265561828 -1.0
1.64982515199 4.09633580381
1.84830927091 2.62449805911
2.07067225082 1.57773166569
2.31978686565 0.22218312383
2.59887150172 0.738425618217
2.91153173701 0.545453567447
3.26180692274 0.538770430324
3.65422236893 0.407045483976
4.09384780825 0.890185309933
4.5863628934 0.89782664185
5.13813057427 0.518444407961
5.75627930276 0.319893552178
6.44879512742 0.450724610393
7.22462486758 0.497050178119
8.09379169998 0.222963226378
9.06752465124 0.0437211387167
10.158403669 0.193487818741
11.3805221458 0.180045694807
12.7496689965 0.0159279177087
14.2835326391 0.125672621838
16.0019295175 0.059365314733
17.9270601154 0.00897008349062
20.0837957716 0.0622390251312
22.5 0.0287129424998
