0.0767973856209 -1.0
0.0860365837275 -1.0
0.096387314225 -1.0
0.1079833013 -1.0
0.120974356983 -1.0
0.135528316613 -1.0
0.151833207152 -1.0
0.170099676365 -1.0
0.190563714236 -1.0
0.213489701801 -1.0
0.239173826758 159.020654042
0.267947910009 -1.0
0.300183692553 -1.0
0.336297638119 -1.0
0.376756313583 -1.0
0.422082416691 -1.0
0.472861528943 -1.0
0.529749680898 -1.0
0.593481827626 9.47356956518
0.664881343817 -1.0
0.744870661203 -1.0
0.834483185732 2.76759512959
0.934876648442 4.35900370791
1.04734806254 0.90565332484
1.17335047992 1.71058935011
1.31451176353 1.89164398209
1.47265561828 0.371018761212
1.64982515199 0.950128496358
1.84830927091 0.0401939582897
2.07067225082 1.219348054
2.31978686565 1.1045245117
2.59887150172 0.247276033478
2.91153173701 0.951529377261
3.26180692274 0.00939751260325
3.65422236893 0.525495741556
4.09384780825 0.340204920383
4.5863628934 0.520500458433
5.13813057427 0.581712924959
5.75627930276 0.331525267155
6.44879512742 0.240865888241
7.22462486758 0.166990042495
8.09379169998 0.119000341062
9.06752465124 0.0660004502386
10.158403669 0.0902123593134
11.3805221458 0.0664853092331
12.7496689965 0.0278579718665
14.2835326391 0.0292732133412
16.0019295175 0.0707736012273
17.9270601154 0.000174225057495
20.0837957716 0.0196858992906
22.5 0.0217729845311
