0.0767973856209 -1.0
0.0860365837275 -1.0
0.096387314225 -1.0
0.1079833013 -1.0
0.120974356983 -1.0
0.135528316613 -1.0
0.151833207152 -1.0
0.170099676365 -1.0
0.190563714236 -1.0
0.213489701801 -1.0
0.239173826758 -1.0
0.267947910009 -1.0
0.300183692553 -1.0
0.336297638119 -1.0
0.376756313583 -1.0
0.422082416691 -1.0
0.472861528943 -1.0
0.529749680898 -1.0
0.593481827626 -1.0
0.664881343817 -1.0
0.744870661203 -1.0
0.834483185732 -1.0
0.934876648442 34.3628390456
1.04734806254 -1.0
1.17335047992 -1.0
1.31451176353 5.36043229233
1.47265561828 -1.0
1.64982515199 2.21711291378
1.84830927091 -1.0
2.07067225082 2.25443775653
2.31978686565 1.31454593773
2.59887150172 2.29219564093
2.91153173701 3.68279845367
3.26180692274 1.08149474445
3.65422236893 0.184282033479
4.09384780825 -0.368306745716
4.5863628934 1.09653856361
5.13813057427 0.171540589146
5.75627930276 0.211921450301
6.44879512742 0.292872108561
7.22462486758 0.762349304423
8.09379169998 -0.18258001871
9.06752465124 0.104558407149
10.158403669 0.157665127052
11.3805221458 0.038961286454
12.7496689965 0.087446584169
14.2835326391 0.0758033788802
16.0019295175 0.142373224636
17.9270601154 0.0958075219153
20.0837957716 0.162760502844
22.5 -1.0
