0.0767973856209 1095.17814207
0.0860365837275 770.260392496
0.096387314225 273.258987563
0.1079833013 584.156398467
0.120974356983 692.602329256
0.135528316613 196.315121527
0.151833207152 139.329896329
0.170099676365 248.505456694
0.190563714236 140.957999369
0.213489701801 175.680147804
0.239173826758 88.7531197553
0.267947910009 50.0657100905
0.300183692553 80.7149893627
0.336297638119 82.9445308836
0.376756313583 58.7010874033
0.422082416691 57.7896980149
0.472861528943 33.8425408884
0.529749680898 23.7799059336
0.593481827626 22.4978553006
0.664881343817 18.2183412436
0.744870661203 13.8565479238
0.834483185732 14.214939696
0.934876648442 12.5260218126
1.04734806254 10.3298268918
1.17335047992 9.49026189045
1.31451176353 6.24439091992
1.47265561828 6.84362968858
1.64982515199 5.45340248961
1.84830927091 3.55074438381
2.07067225082 2.65140786187
2.31978686565 3.30844313222
2.59887150172 2.5258726818
2.91153173701 2.0051272266
3.26180692274 1.78123896834
3.65422236893 1.60211288667
4.09384780825 1.46271334469
4.5863628934 1.13588183074
5.13813057427 1.049516988
5.75627930276 0.849053046383
6.44879512742 0.705157275284
7.22462486758 0.596312491179
8.09379169998 0.43961195978
9.06752465124 0.27980939516
10.158403669 0.187121061725
11.3805221458 0.189185589407
12.7496689965 0.108107343717
14.2835326391 0.0477426251147
16.0019295175 0.0456812344309
17.9270601154 0.0304000398965
20.0837957716 0.0107009142895
22.5 -0.0194828161955
