0.0767973856209 145.254889041
0.0860365837275 75.4564855145
0.096387314225 63.0855438853
0.1079833013 51.715233936
0.120974356983 43.1273449596
0.135528316613 36.8641657874
0.151833207152 30.7844238328
0.170099676365 25.5600380827
0.190563714236 21.916483082
0.213489701801 18.5646657101
0.239173826758 15.5151880299
0.267947910009 13.4673392575
0.300183692553 11.5646737599
0.336297638119 9.88206403874
0.376756313583 8.4938968807
0.422082416691 7.25312857778
0.472861528943 6.26474681715
0.529749680898 5.49123688226
0.593481827626 4.7027320837
0.664881343817 4.12955628754
0.744870661203 3.61353185905
0.834483185732 3.1408189083
0.934876648442 2.74660958321
1.04734806254 2.40290701588
1.17335047992 2.11581362819
1.31451176353 1.83013079532
1.47265561828 1.59724491107
1.64982515199 1.39800492162
1.84830927091 1.21912354304
2.07067225082 1.05797781033
2.31978686565 0.924448659869
2.59887150172 0.808087398797
2.91153173701 0.705692343951
3.26180692274 0.610301390347
3.65422236893 0.530079082739
4.09384780825 0.45356494598
4.5863628934 0.386367003
5.13813057427 0.324732416533
5.75627930276 0.268563338748
6.44879512742 0.21440731645
7.22462486758 0.169605128733
8.09379169998 0.133963088044
9.06752465124 0.098306126545
10.158403669 0.0728920016721
11.3805221458 0.0565247085631
12.7496689965 0.0423916715127
14.2835326391 0.0289519651857
16.0019295175 0.0163420409575
17.9270601154 0.00510938758981
20.0837957716 -0.00500118182587
22.5 -0.0141237779793
