0.0767973856209 280.444952458
0.0860365837275 129.349317885
0.096387314225 93.9651003716
0.1079833013 94.6800826926
0.120974356983 84.7740022112
0.135528316613 70.9825979831
0.151833207152 59.7384046393
0.170099676365 48.5736576677
0.190563714236 43.9119727077
0.213489701801 37.4959742382
0.239173826758 29.1160379161
0.267947910009 24.5231927161
0.300183692553 20.1087346282
0.336297638119 17.3396968704
0.376756313583 13.879396345
0.422082416691 12.1806034206
0.472861528943 10.9880008553
0.529749680898 8.96949932205
0.593481827626 7.52382989792
0.664881343817 6.65342791654
0.744870661203 5.5723767296
0.834483185732 5.17078149581
0.934876648442 4.27330712539
1.04734806254 3.70469206218
1.17335047992 3.13435343862
1.31451176353 2.58215950682
1.47265561828 2.32265264876
1.64982515199 2.00060395615
1.84830927091 1.70368005413
2.07067225082 1.47668123178
2.31978686565 1.29437169706
2.59887150172 1.14707888798
2.91153173701 0.954203479101
3.26180692274 0.836916993207
3.65422236893 0.724631643861
4.09384780825 0.62198105334
4.5863628934 0.528370877151
5.13813057427 0.446478146363
5.75627930276 0.362998016292
6.44879512742 0.283637753612
7.22462486758 0.221540767177
8.09379169998 0.181501852506
9.06752465124 0.133923790555
10.158403669 0.10000235153
11.3805221458 0.0807702896115
12.7496689965 0.0602963142577
14.2835326391 0.040371257667
16.0019295175 0.0226641514713
17.9270601154 0.00740798202461
20.0837957716 -0.00681212347031
22.5 -0.0174565502561
