0.0767973856209 39.2448785552
0.0860365837275 18.6992852502
0.096387314225 18.7152015428
0.1079833013 14.459480817
0.120974356983 13.0995596383
0.135528316613 10.8979888403
0.151833207152 9.54955213075
0.170099676365 8.40807501693
0.190563714236 6.92452859167
0.213489701801 5.9784138041
0.239173826758 5.57482782641
0.267947910009 4.85928302734
0.300183692553 4.3122802628
0.336297638119 3.96999068872
0.376756313583 3.50687992551
0.422082416691 3.1039953955
0.472861528943 2.74690996396
0.529749680898 2.36426554429
0.593481827626 2.12585819699
0.664881343817 1.89746746291
0.744870661203 1.69018413788
0.834483185732 1.5489233468
0.934876648442 1.36190921902
1.04734806254 1.20102047051
1.17335047992 1.06913043411
1.31451176353 0.961091778078
1.47265561828 0.849201752709
1.64982515199 0.750782919569
1.84830927091 0.665032463989
2.07067225082 0.587868881823
2.31978686565 0.515084188107
2.59887150172 0.456226247438
2.91153173701 0.392531494392
3.26180692274 0.346690182153
3.65422236893 0.300560574417
4.09384780825 0.261654163047
4.5863628934 0.226051769984
5.13813057427 0.192936951056
5.75627930276 0.160429153122
6.44879512742 0.130927001518
7.22462486758 0.107045078199
8.09379169998 0.0858919467983
9.06752465124 0.0646698271943
10.158403669 0.0485111587134
11.3805221458 0.0367628574048
12.7496689965 0.0276078702391
14.2835326391 0.0193129744354
16.0019295175 0.00947318631101
17.9270601154 0.00214114777109
20.0837957716 -0.00399230138745
22.5 -0.00974610191969
