0.0767973856209 64.4332116902
0.0928056261447 84.561381468
0.11215074803 23.2417620578
0.135528316613 26.4732837448
0.163778886246 22.3516849329
0.197918222925 16.6430372388
0.239173826758 8.99746155057
0.289029067464 8.91389198917
0.349276519808 7.02532325899
0.422082416691 3.09280860568
0.510064537341 2.09226399932
0.616386331115 3.52661339139
0.744870661203 2.72340789776
0.90013725794 2.93843588324
1.08776882395 1.70994862184
1.31451176353 1.61954899308
1.58851875364 1.3374602369
1.9196418782 1.21398940719
2.31978686565 0.835275449713
2.80334116648 0.645313683007
3.38769126252 0.51370102949
4.09384780825 0.378566762966
4.94720108131 0.292061297857
5.97843390504 0.19672364538
7.22462486758 0.140789313333
8.7305815045 0.0963625630726
10.5504513804 0.0691449872468
12.7496689965 0.0446570277067
15.4073085274 0.0293566043196
18.6189269795 0.015280688036
22.5 -0.00723412062335
