0.0767973856209 -1.0
0.0860365837275 -1.0
0.096387314225 -1.0
0.1079833013 -1.0
0.120974356983 -1.0
0.135528316613 -1.0
0.151833207152 -1.0
0.170099676365 -1.0
0.190563714236 -1.0
0.213489701801 -1.0
0.239173826758 -1.0
0.267947910009 -1.0
0.300183692553 -1.0
0.336297638119 -1.0
0.376756313583 -1.0
0.422082416691 -1.0
0.472861528943 -1.0
0.529749680898 -1.0
0.593481827626 -1.0
0.664881343817 -1.0
0.744870661203 -1.0
0.834483185732 -1.0
0.934876648442 -1.0
1.04734806254 -1.0
1.17335047992 -1.0
1.31451176353 43.9543700566
1.47265561828 -1.0
1.64982515199 -1.0
1.84830927091 -1.0
2.07067225082 -1.0
2.31978686565 7.17939330344
2.59887150172 4.81715889499
2.91153173701 -1.0
3.26180692274 1.94232469468
3.65422236893 -1.0
4.09384780825 0.488230726581
4.5863628934 1.11685006155
5.13813057427 -1.0
5.75627930276 1.14140968933
6.44879512742 0.52296386296
7.22462486758 1.43703603927
8.09379169998 0.540633241754
9.06752465124 -0.0412681565135
10.158403669 0.168880715094
11.3805221458 0.177681095901
12.7496689965 0.527320958457
14.2835326391 0.681898138684
16.0019295175 0.196160687589
17.9270601154 0.205166456459
20.0837957716 -0.0168437136872
22.5 -1.0
