0.0767973856209 77.1762893685
0.0928056261447 14.4885466385
0.11215074803 16.553230478
0.135528316613 9.94122961136
0.163778886246 10.836113839
0.197918222925 7.94260940161
0.239173826758 6.05809060887
0.289029067464 5.56325061729
0.349276519808 4.28806516316
0.422082416691 3.57705991905
0.510064537341 2.67582151628
0.616386331115 2.25653160696
0.744870661203 1.97767545923
0.90013725794 1.48852116816
1.08776882395 1.20656728204
1.31451176353 0.976368631914
1.58851875364 0.800632560319
1.9196418782 0.657733162449
2.31978686565 0.542323853663
2.80334116648 0.473235407328
3.38769126252 0.384113762954
4.09384780825 0.282548219978
4.94720108131 0.232620297104
5.97843390504 0.170171592835
7.22462486758 0.116683409397
8.7305815045 0.0771064606395
10.5504513804 0.0520263880567
12.7496689965 0.0349470205192
15.4073085274 0.0174905271398
18.6189269795 0.00334250281651
22.5 -0.0070247766988
