0.0767973856209 -1.0
0.0860365837275 146.227180483
0.096387314225 -1.0
0.1079833013 73.4676527981
0.120974356983 -1.0
0.135528316613 -1.0
0.151833207152 52.5756151231
0.170099676365 75.2056192936
0.190563714236 -1.0
0.213489701801 8.63621931121
0.239173826758 12.7064979762
0.267947910009 13.6220276365
0.300183692553 5.93276016714
0.336297638119 6.3958359704
0.376756313583 6.01319383235
0.422082416691 3.98776148434
0.472861528943 3.43410042901
0.529749680898 3.41492566905
0.593481827626 3.03699025034
0.664881343817 2.19010535549
0.744870661203 1.72255152276
0.834483185732 3.67931944322
0.934876648442 2.90169617975
1.04734806254 2.01971593317
1.17335047992 1.61196116353
1.31451176353 1.80706810271
1.47265561828 1.70098205594
1.64982515199 1.17148606118
1.84830927091 0.900743488502
2.07067225082 1.0910699792
2.31978686565 1.005415989
2.59887150172 0.736066704197
2.91153173701 0.755152502103
3.26180692274 0.626519252706
3.65422236893 0.50649819191
4.09384780825 0.439033016611
4.5863628934 0.443306860149
5.13813057427 0.401121527925
5.75627930276 0.262920452681
6.44879512742 0.271234298834
7.22462486758 0.180598624065
8.09379169998 0.155828612041
9.06752465124 0.130028284629
10.158403669 0.104032343618
11.3805221458 0.0790161912529
12.7496689965 0.0788381046643
14.2835326391 0.0492879591489
16.0019295175 0.0292492234158
17.9270601154 0.00660009855857
20.0837957716 0.0151017473359
22.5 -0.00189727307702
