0.0767973856209 476.58239716
0.0860365837275 293.019581607
0.096387314225 417.211610811
0.1079833013 222.073090653
0.120974356983 369.18072766
0.135528316613 262.271373899
0.151833207152 159.489522632
0.170099676365 227.279291507
0.190563714236 66.6464654257
0.213489701801 66.3539360261
0.239173826758 60.5881678293
0.267947910009 106.069873855
0.300183692553 40.5351412091
0.336297638119 65.4642402125
0.376756313583 35.7649017836
0.422082416691 37.5980748757
0.472861528943 33.534915087
0.529749680898 24.8206682184
0.593481827626 21.3946077466
0.664881343817 18.7494488474
0.744870661203 11.2333918115
0.834483185732 11.0838193536
0.934876648442 10.0002873229
1.04734806254 8.53473204734
1.17335047992 5.83902944058
1.31451176353 6.62560015407
1.47265561828 5.30275747307
1.64982515199 4.29560627097
1.84830927091 3.58173836479
2.07067225082 2.94396673692
2.31978686565 2.85491312657
2.59887150172 2.32832633324
2.91153173701 2.03094409352
3.26180692274 1.87053343325
3.65422236893 1.4540384391
4.09384780825 1.31024271669
4.5863628934 1.08169827929
5.13813057427 0.788330299226
5.75627930276 0.730822231278
6.44879512742 0.611832344374
7.22462486758 0.437071410172
8.09379169998 0.373080229467
9.06752465124 0.243770147258
10.158403669 0.231818098314
11.3805221458 0.167684604931
12.7496689965 0.154539710786
14.2835326391 0.115850790226
16.0019295175 0.0822486302431
17.9270601154 0.0439526478388
20.0837957716 0.00291233864976
22.5 -0.0267885363338
