0.0767973856209 2536.82732361
0.0860365837275 2082.18936465
0.096387314225 3455.96808432
0.1079833013 1052.67923104
0.120974356983 748.373368403
0.135528316613 531.951992153
0.151833207152 125.344595772
0.170099676365 88.8558807314
0.190563714236 510.241767179
0.213489701801 408.042736239
0.239173826758 225.263265405
0.267947910009 389.800190678
0.300183692553 211.539195781
0.336297638119 33.8824331342
0.376756313583 106.50253442
0.422082416691 122.504983089
0.472861528943 78.4709897445
0.529749680898 43.6206728623
0.593481827626 49.7745324205
0.664881343817 53.166032605
0.744870661203 31.102260592
0.834483185732 25.636198366
0.934876648442 14.6961098376
1.04734806254 17.4767296235
1.17335047992 12.1405922288
1.31451176353 8.15084911219
1.47265561828 8.00050190418
1.64982515199 7.27222793557
1.84830927091 6.28394035515
2.07067225082 4.27993701636
2.31978686565 4.56176153409
2.59887150172 4.61833213919
2.91153173701 3.58703809738
3.26180692274 2.41520683471
3.65422236893 1.99985349714
4.09384780825 1.44287416728
4.5863628934 1.24619678921
5.13813057427 0.877863586131
5.75627930276 0.706511449924
6.44879512742 0.657247181287
7.22462486758 0.58088745997
8.09379169998 0.386219222457
9.06752465124 0.237978725673
10.158403669 0.159725769271
11.3805221458 0.238840188033
12.7496689965 0.107245460228
14.2835326391 0.0589636135222
16.0019295175 0.0316974790862
17.9270601154 0.0219703487145
20.0837957716 -0.0388741114872
22.5 -0.0475495990735
