0.0767973856209 524.022384168
0.0860365837275 281.510816085
0.096387314225 259.015162542
0.1079833013 220.906362904
0.120974356983 140.080719691
0.135528316613 141.001183945
0.151833207152 133.855974697
0.170099676365 100.500262939
0.190563714236 89.2333363086
0.213489701801 66.0016581879
0.239173826758 51.6021610444
0.267947910009 48.5138866764
0.300183692553 39.144098053
0.336297638119 30.3330426278
0.376756313583 27.6564623754
0.422082416691 24.2502852033
0.472861528943 18.6596221977
0.529749680898 15.8294914007
0.593481827626 13.1968294026
0.664881343817 11.9702067178
0.744870661203 9.70457196585
0.834483185732 7.94261124945
0.934876648442 7.23556156591
1.04734806254 6.20761153115
1.17335047992 5.16250577272
1.31451176353 4.36032439214
1.47265561828 3.78585322682
1.64982515199 3.16351463899
1.84830927091 2.76931590938
2.07067225082 2.29535664989
2.31978686565 2.01883207938
2.59887150172 1.75499857307
2.91153173701 1.50823091559
3.26180692274 1.27229015134
3.65422236893 1.09764059831
4.09384780825 0.904499634049
4.5863628934 0.774911452955
5.13813057427 0.652970445408
5.75627930276 0.541184886052
6.44879512742 0.418908375114
7.22462486758 0.324529971291
8.09379169998 0.257575005453
9.06752465124 0.190298505387
10.158403669 0.150562319788
11.3805221458 0.124160222767
12.7496689965 0.100316562671
14.2835326391 0.0679003260705
16.0019295175 0.0405945793278
17.9270601154 0.01885575455
20.0837957716 -0.00792821528932
22.5 -0.0230890557454
