0.0767973856209 -1.0
0.0860365837275 -1.0
0.096387314225 -1.0
0.1079833013 -1.0
0.120974356983 -1.0
0.135528316613 -1.0
0.151833207152 -1.0
0.170099676365 -1.0
0.190563714236 -1.0
0.213489701801 -1.0
0.239173826758 -1.0
0.267947910009 -1.0
0.300183692553 -1.0
0.336297638119 -1.0
0.376756313583 -1.0
0.422082416691 -1.0
0.472861528943 -1.0
0.529749680898 -1.0
0.593481827626 -1.0
0.664881343817 -1.0
0.744870661203 -1.0
0.834483185732 -1.0
0.934876648442 -1.0
1.04734806254 -1.0
1.17335047992 -1.0
1.31451176353 16.3480936789
1.47265561828 -1.0
1.64982515199 -1.0
1.84830927091 -1.0
2.07067225082 -1.0
2.31978686565 2.15646467931
2.59887150172 -1.0
2.91153173701 2.19308588315
3.26180692274 -1.0
3.65422236893 -0.192467008737
4.09384780825 1.29725973497
4.5863628934 -0.183098036394
5.13813057427 1.03342341133
5.75627930276 0.652759268943
6.44879512742 0.0285075628699
7.22462486758 0.462942713708
8.09379169998 -0.405462699865
9.06752465124 0.32135332948
10.158403669 0.0901011245048
11.3805221458 0.203015266291
12.7496689965 0.159787156026
14.2835326391 0.230494529445
16.0019295175 0.1732429701
17.9270601154 0.0464281060475
20.0837957716 0.118756666246
22.5 -1.0
