0.0767973856209 120.480009994
0.0860365837275 56.8107903767
0.096387314225 48.2858806613
0.1079833013 41.1206108986
0.120974356983 33.806409937
0.135528316613 28.7057703159
0.151833207152 24.3024034726
0.170099676365 20.5627272406
0.190563714236 17.3044341987
0.213489701801 14.9947151268
0.239173826758 12.8872743532
0.267947910009 10.8243765557
0.300183692553 9.39360260149
0.336297638119 8.01962027691
0.376756313583 6.88764880176
0.422082416691 5.99469138865
0.472861528943 5.18585065682
0.529749680898 4.53750945586
0.593481827626 3.94540760496
0.664881343817 3.46400255096
0.744870661203 3.02141695238
0.834483185732 2.66057574332
0.934876648442 2.33668409721
1.04734806254 2.04790721279
1.17335047992 1.79732751285
1.31451176353 1.5691663071
1.47265561828 1.3732964479
1.64982515199 1.20015787923
1.84830927091 1.04897514962
2.07067225082 0.912545215405
2.31978686565 0.800957559853
2.59887150172 0.70301625862
2.91153173701 0.611993505366
3.26180692274 0.529898335876
3.65422236893 0.459301923639
4.09384780825 0.394695380781
4.5863628934 0.337961409873
5.13813057427 0.284818821809
5.75627930276 0.234046807995
6.44879512742 0.187992018423
7.22462486758 0.149831455002
8.09379169998 0.118507970018
9.06752465124 0.0869349849454
10.158403669 0.0639537917575
11.3805221458 0.0505351164202
12.7496689965 0.0379996851177
14.2835326391 0.0252436320708
16.0019295175 0.0136839207169
17.9270601154 0.00393453521628
20.0837957716 -0.00584355933696
22.5 -0.0140929700141
