0.0767973856209 nan
0.0928056261447 nan
0.11215074803 nan
0.135528316613 nan
0.163778886246 nan
0.197918222925 nan
0.239173826758 nan
0.289029067464 nan
0.349276519808 nan
0.422082416691 nan
0.510064537341 nan
0.616386331115 nan
0.744870661203 nan
0.90013725794 nan
1.08776882395 nan
1.31451176353 nan
1.58851875364 nan
1.9196418782 nan
2.31978686565 nan
2.80334116648 nan
3.38769126252 inf
4.09384780825 inf
4.94720108131 inf
5.97843390504 nan
7.22462486758 inf
8.7305815045 inf
10.5504513804 inf
12.7496689965 inf
15.4073085274 inf
18.6189269795 inf
22.5 nan
