0.0767973856209 37.9350704036
0.0860365837275 17.8482430793
0.096387314225 14.7360829887
0.1079833013 14.8101477863
0.120974356983 11.9707539118
0.135528316613 10.411147366
0.151833207152 9.09653871791
0.170099676365 7.27135481576
0.190563714236 6.74645021096
0.213489701801 6.21796183401
0.239173826758 5.27232910229
0.267947910009 4.84446403141
0.300183692553 4.10750267832
0.336297638119 3.48517134553
0.376756313583 3.2856501655
0.422082416691 2.74696452039
0.472861528943 2.6323197646
0.529749680898 2.19413750271
0.593481827626 2.01532714633
0.664881343817 1.80757379129
0.744870661203 1.59117666937
0.834483185732 1.40840271973
0.934876648442 1.26509176741
1.04734806254 1.12802159378
1.17335047992 0.996722893731
1.31451176353 0.863459394465
1.47265561828 0.781724767095
1.64982515199 0.687074484632
1.84830927091 0.616883271202
2.07067225082 0.533453695344
2.31978686565 0.467345525782
2.59887150172 0.417115164231
2.91153173701 0.364843451176
3.26180692274 0.322876200688
3.65422236893 0.282068919174
4.09384780825 0.246634913274
4.5863628934 0.2128152424
5.13813057427 0.178715952191
5.75627930276 0.146883707702
6.44879512742 0.118505224944
7.22462486758 0.0963803354114
8.09379169998 0.0766104493092
9.06752465124 0.0581604938039
10.158403669 0.043441789468
11.3805221458 0.0338363137204
12.7496689965 0.0244731061209
14.2835326391 0.016206650345
16.0019295175 0.00864924682166
17.9270601154 0.00261777678119
20.0837957716 -0.00335721477506
22.5 -0.00915406911777
