0.0767973856209 35.4652847853
0.0928056261447 13.4377338288
0.11215074803 8.68822775669
0.135528316613 7.29577817295
0.163778886246 7.43382218587
0.197918222925 5.36552703182
0.239173826758 4.57148691245
0.289029067464 3.96204607421
0.349276519808 3.0340995201
0.422082416691 2.43899243765
0.510064537341 2.09413780302
0.616386331115 1.63708135883
0.744870661203 1.32725411661
0.90013725794 1.12406331927
1.08776882395 0.904271945248
1.31451176353 0.758945073797
1.58851875364 0.622139203631
1.9196418782 0.526177656453
2.31978686565 0.428694278411
2.80334116648 0.349183955833
3.38769126252 0.282504898827
4.09384780825 0.215743196464
4.94720108131 0.16870536024
5.97843390504 0.125126398895
7.22462486758 0.0883481498782
8.7305815045 0.0594599402825
10.5504513804 0.0362878121431
12.7496689965 0.0241339282882
15.4073085274 0.0121636272827
18.6189269795 0.00100429265428
22.5 -0.00619069411751
