0.0767973856209 175.459995872
0.0860365837275 89.4418830547
0.096387314225 73.861311286
0.1079833013 61.8255867305
0.120974356983 50.2730783691
0.135528316613 43.0477523119
0.151833207152 35.4161736557
0.170099676365 30.7147949804
0.190563714236 25.2252768894
0.213489701801 21.8172765534
0.239173826758 18.4036247518
0.267947910009 15.7525470074
0.300183692553 13.429440008
0.336297638119 11.7453405055
0.376756313583 10.0201711926
0.422082416691 8.67960854874
0.472861528943 7.44944678469
0.529749680898 6.38251397945
0.593481827626 5.52443242415
0.664881343817 4.74595757983
0.744870661203 4.14094457381
0.834483185732 3.60867667666
0.934876648442 3.15672246597
1.04734806254 2.78356187569
1.17335047992 2.41507898126
1.31451176353 2.09581473674
1.47265561828 1.81278433901
1.64982515199 1.57946305133
1.84830927091 1.37227627807
2.07067225082 1.20285850421
2.31978686565 1.04296733931
2.59887150172 0.911765722201
2.91153173701 0.794438555281
3.26180692274 0.685242381798
3.65422236893 0.591792080492
4.09384780825 0.508007907213
4.5863628934 0.432291543973
5.13813057427 0.362525878227
5.75627930276 0.304090987491
6.44879512742 0.246457598984
7.22462486758 0.192851801963
8.09379169998 0.151872297491
9.06752465124 0.112344873827
10.158403669 0.082491286428
11.3805221458 0.0653869126205
12.7496689965 0.0489206910223
14.2835326391 0.0332938801021
16.0019295175 0.0194184396842
17.9270601154 0.00721060025916
20.0837957716 -0.00660210324016
22.5 -0.0164413138493
