0.0767973856209 999.304640952
0.0860365837275 491.663303775
0.096387314225 699.761196698
0.1079833013 746.568751875
0.120974356983 264.834277266
0.135528316613 377.1210105
0.151833207152 312.738224546
0.170099676365 509.010611414
0.190563714236 248.368590075
0.213489701801 240.841127409
0.239173826758 182.463095714
0.267947910009 88.7038855372
0.300183692553 120.794506384
0.336297638119 93.8693829748
0.376756313583 69.4043213786
0.422082416691 72.0206936942
0.472861528943 43.5132188118
0.529749680898 44.3759818829
0.593481827626 31.2712561722
0.664881343817 26.7549592442
0.744870661203 17.9800385293
0.834483185732 14.9282818563
0.934876648442 13.0161783673
1.04734806254 14.0206689907
1.17335047992 11.5278382051
1.31451176353 8.6695062033
1.47265561828 7.54703227672
1.64982515199 6.2314647948
1.84830927091 5.18650136309
2.07067225082 4.31865838292
2.31978686565 4.07699576444
2.59887150172 3.15592999979
2.91153173701 2.88370573476
3.26180692274 2.33167345808
3.65422236893 2.07356688569
4.09384780825 1.63178213731
4.5863628934 1.37907850124
5.13813057427 1.11296755657
5.75627930276 0.903300979391
6.44879512742 0.733267536879
7.22462486758 0.44112505886
8.09379169998 0.374652186244
9.06752465124 0.232687023118
10.158403669 0.176593192286
11.3805221458 0.170568524536
12.7496689965 0.0909308303325
14.2835326391 0.0839090969691
16.0019295175 0.0691676599489
17.9270601154 0.0540879713147
20.0837957716 0.000178240616074
22.5 -0.0367719165892
