0.0767973856209 636.779592389
0.0860365837275 293.482727002
0.096387314225 557.493847893
0.1079833013 346.549190719
0.120974356983 281.486737967
0.135528316613 250.12960392
0.151833207152 249.043622682
0.170099676365 214.936721427
0.190563714236 125.472310461
0.213489701801 88.9467110177
0.239173826758 94.9547286688
0.267947910009 102.988879917
0.300183692553 68.334280293
0.336297638119 66.3907746993
0.376756313583 63.2938032277
0.422082416691 44.7255514515
0.472861528943 33.8849503329
0.529749680898 21.7075193131
0.593481827626 24.1214702711
0.664881343817 20.6948061686
0.744870661203 16.6982896849
0.834483185732 15.9977860933
0.934876648442 12.3894629052
1.04734806254 10.4270528899
1.17335047992 7.59127760338
1.31451176353 7.5045843384
1.47265561828 5.713957194
1.64982515199 4.4013958773
1.84830927091 4.13844220258
2.07067225082 3.31632788204
2.31978686565 2.77585348596
2.59887150172 2.78944188606
2.91153173701 2.04205082487
3.26180692274 1.91828906573
3.65422236893 1.5174779952
4.09384780825 1.30978165208
4.5863628934 1.15010257968
5.13813057427 0.968810322201
5.75627930276 0.756492200632
6.44879512742 0.612389938444
7.22462486758 0.415462243282
8.09379169998 0.3294960185
9.06752465124 0.208917619741
10.158403669 0.207935907697
11.3805221458 0.147787177604
12.7496689965 0.113540331472
14.2835326391 0.0833593285684
16.0019295175 0.0563686367076
17.9270601154 0.0309756810933
20.0837957716 0.00228121431281
22.5 -0.0322586280836
