0.0767973856209 3879.59590042
0.0860365837275 -1.0
0.096387314225 -1.0
0.1079833013 -1.0
0.120974356983 -1.0
0.135528316613 -1.0
0.151833207152 -1.0
0.170099676365 -1.0
0.190563714236 108.932274711
0.213489701801 155.366978811
0.239173826758 110.207705502
0.267947910009 157.181143576
0.300183692553 139.62241725
0.336297638119 39.0040890561
0.376756313583 41.6761742324
0.422082416691 69.8193766665
0.472861528943 20.5856509312
0.529749680898 50.1721577466
0.593481827626 24.4754348027
0.664881343817 35.2360988569
0.744870661203 28.4525714233
0.834483185732 25.1832206679
0.934876648442 17.6214245186
1.04734806254 15.5543734812
1.17335047992 7.47686136484
1.31451176353 9.38279081671
1.47265561828 9.48081178654
1.64982515199 6.79273507952
1.84830927091 5.74698807679
2.07067225082 3.45569130025
2.31978686565 4.30176945129
2.59887150172 3.37736533784
2.91153173701 2.20563886788
3.26180692274 1.84980040123
3.65422236893 1.66598091701
4.09384780825 1.40608239224
4.5863628934 0.995083685822
5.13813057427 1.11993346707
5.75627930276 0.647290970686
6.44879512742 0.755903927978
7.22462486758 0.563513512372
8.09379169998 0.579708992691
9.06752465124 0.350017663212
10.158403669 0.279445390173
11.3805221458 0.20774468254
12.7496689965 0.0916667327227
14.2835326391 0.103497095989
16.0019295175 0.0718409350629
17.9270601154 0.0102685159928
20.0837957716 0.0138444494003
22.5 -0.0384534994047
