0.0767973856209 35.5044362051
0.0860365837275 17.661310223
0.096387314225 14.2032189161
0.1079833013 13.1583636176
0.120974356983 10.9980966805
0.135528316613 9.42131551782
0.151833207152 8.07130013136
0.170099676365 7.10039208535
0.190563714236 6.36943214414
0.213489701801 5.60380749023
0.239173826758 4.84077720831
0.267947910009 4.61542942169
0.300183692553 3.8937283682
0.336297638119 3.39452052005
0.376756313583 3.11795796899
0.422082416691 2.62045090638
0.472861528943 2.46655202521
0.529749680898 2.07511413217
0.593481827626 1.91191389739
0.664881343817 1.68923988097
0.744870661203 1.47914187243
0.834483185732 1.31765523043
0.934876648442 1.19702186285
1.04734806254 1.07438542965
1.17335047992 0.959357039146
1.31451176353 0.830313113869
1.47265561828 0.735057232909
1.64982515199 0.658686958589
1.84830927091 0.585542756463
2.07067225082 0.505398776596
2.31978686565 0.446715871009
2.59887150172 0.396420491356
2.91153173701 0.345839210611
3.26180692274 0.303634621409
3.65422236893 0.264604707444
4.09384780825 0.229411103332
4.5863628934 0.197090729664
5.13813057427 0.165910247877
5.75627930276 0.135448181354
6.44879512742 0.109915473873
7.22462486758 0.0891341052676
8.09379169998 0.0699256185361
9.06752465124 0.0532242429179
10.158403669 0.0396365856373
11.3805221458 0.0305468313317
12.7496689965 0.0218986633671
14.2835326391 0.0141805549091
16.0019295175 0.00756728268614
17.9270601154 0.00253423628059
20.0837957716 -0.00276099888292
22.5 -0.00787222203076
