0.0767973856209 -1.0
0.0860365837275 -1.0
0.096387314225 -1.0
0.1079833013 -1.0
0.120974356983 -1.0
0.135528316613 -1.0
0.151833207152 -1.0
0.170099676365 -1.0
0.190563714236 -1.0
0.213489701801 -1.0
0.239173826758 -1.0
0.267947910009 -1.0
0.300183692553 -1.0
0.336297638119 -1.0
0.376756313583 -1.0
0.422082416691 -1.0
0.472861528943 -1.0
0.529749680898 12.9198954615
0.593481827626 8.89978604733
0.664881343817 -1.0
0.744870661203 -1.0
0.834483185732 2.56119138407
0.934876648442 11.6635407836
1.04734806254 2.6025082144
1.17335047992 2.84313883552
1.31451176353 4.46645660194
1.47265561828 2.88772681131
1.64982515199 1.30411594139
1.84830927091 0.638680039744
2.07067225082 0.398508933207
2.31978686565 0.657691953979
2.59887150172 0.768417987281
2.91153173701 0.928463110421
3.26180692274 0.431148093679
3.65422236893 1.03565608214
4.09384780825 0.296944704975
4.5863628934 0.329947597867
5.13813057427 0.525571879783
5.75627930276 0.475575441066
6.44879512742 0.643584165293
7.22462486758 0.328059540637
8.09379169998 0.233329438366
9.06752465124 0.243540300078
10.158403669 0.156829357252
11.3805221458 0.144245278601
12.7496689965 0.135303090595
14.2835326391 0.102840346992
16.0019295175 0.0666573724062
17.9270601154 0.0308672850488
20.0837957716 0.0407147751599
22.5 0.00976211661126
