0.0767973856209 36.3251381065
0.0860365837275 16.8496866881
0.096387314225 17.2394270939
0.1079833013 14.4624135085
0.120974356983 13.8346364437
0.135528316613 10.4426648712
0.151833207152 8.14590328368
0.170099676365 8.82317948227
0.190563714236 6.09950444059
0.213489701801 6.17086063857
0.239173826758 5.61840127481
0.267947910009 4.74619101153
0.300183692553 4.22669058746
0.336297638119 3.8337419629
0.376756313583 3.25380886232
0.422082416691 2.9445266343
0.472861528943 2.64322799044
0.529749680898 2.37680565397
0.593481827626 2.0822903271
0.664881343817 1.82783308607
0.744870661203 1.65043816854
0.834483185732 1.51908244847
0.934876648442 1.34264164849
1.04734806254 1.17992654086
1.17335047992 1.0393175169
1.31451176353 0.928976086611
1.47265561828 0.83869466826
1.64982515199 0.736387943465
1.84830927091 0.658864270596
2.07067225082 0.570860610383
2.31978686565 0.500843560969
2.59887150172 0.450173191441
2.91153173701 0.386484910365
3.26180692274 0.338292811306
3.65422236893 0.296254718481
4.09384780825 0.257771459923
4.5863628934 0.221881332844
5.13813057427 0.190478924126
5.75627930276 0.15830822989
6.44879512742 0.131072868298
7.22462486758 0.105558062469
8.09379169998 0.0843844550473
9.06752465124 0.0638302282609
10.158403669 0.0492496702928
11.3805221458 0.0374334579699
12.7496689965 0.0274552262333
14.2835326391 0.020171656782
16.0019295175 0.010087722477
17.9270601154 0.00272546550858
20.0837957716 -0.00317178618054
22.5 -0.00975962906979
