0.0767973856209 37.824193459
0.0860365837275 18.1775596882
0.096387314225 17.9615649122
0.1079833013 13.8102875179
0.120974356983 12.3597857674
0.135528316613 10.1288880886
0.151833207152 9.28076888045
0.170099676365 8.17587942382
0.190563714236 6.80003452802
0.213489701801 5.98012200815
0.239173826758 5.37513042738
0.267947910009 4.77895712103
0.300183692553 4.29275070329
0.336297638119 3.90769876313
0.376756313583 3.37267298045
0.422082416691 3.04713844929
0.472861528943 2.66889010398
0.529749680898 2.3270518726
0.593481827626 2.09297538099
0.664881343817 1.86356112768
0.744870661203 1.66567222466
0.834483185732 1.50687574811
0.934876648442 1.33194368208
1.04734806254 1.17865874756
1.17335047992 1.04137745296
1.31451176353 0.94780115971
1.47265561828 0.83633770612
1.64982515199 0.734882366956
1.84830927091 0.6471839577
2.07067225082 0.578175328458
2.31978686565 0.50546651517
2.59887150172 0.444660320887
2.91153173701 0.383547841529
3.26180692274 0.338391744308
3.65422236893 0.292552631429
4.09384780825 0.254763918402
4.5863628934 0.22041571541
5.13813057427 0.186694577408
5.75627930276 0.156193632507
6.44879512742 0.127006840087
7.22462486758 0.104045877798
8.09379169998 0.0838091472342
9.06752465124 0.0631022082888
10.158403669 0.0479423424784
11.3805221458 0.0366729235061
12.7496689965 0.02730626939
14.2835326391 0.0189595179239
16.0019295175 0.00922024831352
17.9270601154 0.00227714049754
20.0837957716 -0.00400045888637
22.5 -0.00957829381423
