0.0767973856209 2959.65971406
0.0860365837275 1457.16417956
0.096387314225 2591.6044918
0.1079833013 1105.31131585
0.120974356983 523.5367615
0.135528316613 558.573352456
0.151833207152 131.655605124
0.170099676365 93.3442508126
0.190563714236 602.876020752
0.213489701801 380.755319362
0.239173826758 338.378984075
0.267947910009 336.91137849
0.300183692553 239.321513855
0.336297638119 23.4165582618
0.376756313583 103.189878497
0.422082416691 85.4494344074
0.472861528943 69.2657907917
0.529749680898 36.4796077245
0.593481827626 38.98306941
0.664881343817 47.9728247316
0.744870661203 28.2116873552
0.834483185732 21.3733575043
0.934876648442 14.9118617712
1.04734806254 15.9746993703
1.17335047992 11.3597899946
1.31451176353 8.60794103582
1.47265561828 7.14161071842
1.64982515199 6.0310640472
1.84830927091 6.05948808258
2.07067225082 4.12528343112
2.31978686565 3.94690177845
2.59887150172 3.9466716996
2.91153173701 3.28939620899
3.26180692274 2.49214010255
3.65422236893 2.14018277214
4.09384780825 1.37540648761
4.5863628934 1.2621349768
5.13813057427 0.978510367526
5.75627930276 0.799056345257
6.44879512742 0.643071166451
7.22462486758 0.577353838008
8.09379169998 0.419557037299
9.06752465124 0.22071909651
10.158403669 0.121978906316
11.3805221458 0.230471548749
12.7496689965 0.111247632949
14.2835326391 0.0557727270291
16.0019295175 0.0194320640994
17.9270601154 0.0322383653028
20.0837957716 -0.0312740929827
22.5 -0.0517852013598
