0.0767973856209 351.624329033
0.0860365837275 200.498085354
0.096387314225 144.579486577
0.1079833013 155.112384686
0.120974356983 132.462073773
0.135528316613 111.919462181
0.151833207152 97.0571925382
0.170099676365 78.2570973489
0.190563714236 60.8128139164
0.213489701801 52.5906494478
0.239173826758 39.7933576217
0.267947910009 36.1122040424
0.300183692553 31.4937144827
0.336297638119 25.376345924
0.376756313583 20.8439740724
0.422082416691 17.5286666051
0.472861528943 14.3063557089
0.529749680898 12.53021942
0.593481827626 10.6494963821
0.664881343817 9.18396729286
0.744870661203 7.56617638434
0.834483185732 6.67488762146
0.934876648442 5.81827072571
1.04734806254 4.98207459042
1.17335047992 4.33884650032
1.31451176353 3.62335463153
1.47265561828 3.08248011519
1.64982515199 2.67772986065
1.84830927091 2.25255127446
2.07067225082 1.95273385099
2.31978686565 1.66535296739
2.59887150172 1.4663566905
2.91153173701 1.27202750652
3.26180692274 1.07283296553
3.65422236893 0.937551639612
4.09384780825 0.785912213467
4.5863628934 0.67894828435
5.13813057427 0.573480923319
5.75627930276 0.478977990221
6.44879512742 0.376341696271
7.22462486758 0.293874170278
8.09379169998 0.233580409244
9.06752465124 0.170957013929
10.158403669 0.126342342856
11.3805221458 0.109134771388
12.7496689965 0.085710174435
14.2835326391 0.0593388765219
16.0019295175 0.0337078120036
17.9270601154 0.0113558416956
20.0837957716 -0.0100021861097
22.5 -0.0242731305958
