0.0767973856209 1251.79550562
0.0860365837275 439.727431199
0.096387314225 312.443968465
0.1079833013 444.840736982
0.120974356983 633.16107104
0.135528316613 224.506683589
0.151833207152 -1.0
0.170099676365 284.153756291
0.190563714236 161.240366571
0.213489701801 172.077260717
0.239173826758 101.576671373
0.267947910009 57.3617658823
0.300183692553 61.2600576109
0.336297638119 80.1784562226
0.376756313583 56.7338637694
0.422082416691 58.7238444482
0.472861528943 33.5112715051
0.529749680898 23.5443081858
0.593481827626 23.1696178243
0.664881343817 20.0092134803
0.744870661203 15.3000219796
0.834483185732 14.9397212853
0.934876648442 13.4279925313
1.04734806254 10.971333607
1.17335047992 9.77278464381
1.31451176353 6.90871813399
1.47265561828 7.87640955938
1.64982515199 5.68789693056
1.84830927091 3.80086378928
2.07067225082 3.04664804498
2.31978686565 3.47433374401
2.59887150172 2.70982239744
2.91153173701 2.17292036605
3.26180692274 1.93596875293
3.65422236893 1.69203369983
4.09384780825 1.62230077762
4.5863628934 1.26938882505
5.13813057427 1.15404550583
5.75627930276 0.918984959231
6.44879512742 0.753067449045
7.22462486758 0.639045327847
8.09379169998 0.480132693968
9.06752465124 0.298137144308
10.158403669 0.185902091483
11.3805221458 0.19513213697
12.7496689965 0.091585772763
14.2835326391 0.0474708009558
16.0019295175 0.0473252536914
17.9270601154 0.0339976863408
20.0837957716 0.0202890398979
22.5 -0.0206372665478
