0.0767973856209 76.5976062297
0.0860365837275 -1.0
0.096387314225 -1.0
0.1079833013 -1.0
0.120974356983 -1.0
0.135528316613 15.2957496917
0.151833207152 -1.0
0.170099676365 7.24240623333
0.190563714236 16.58592048
0.213489701801 11.5070515565
0.239173826758 4.92998392527
0.267947910009 5.32607898745
0.300183692553 0.499695853022
0.336297638119 1.13315798557
0.376756313583 1.27564291565
0.422082416691 3.85529033908
0.472861528943 3.22041556405
0.529749680898 2.00154632845
0.593481827626 0.746564828775
0.664881343817 2.17438700058
0.744870661203 2.63181397226
0.834483185732 1.65274376669
0.934876648442 1.33345483366
1.04734806254 0.977331127849
1.17335047992 0.55694367231
1.31451176353 0.83953591356
1.47265561828 0.511498925566
1.64982515199 0.526642755209
1.84830927091 0.554733360594
2.07067225082 0.402712806608
2.31978686565 0.442790226604
2.59887150172 0.331166991832
2.91153173701 0.321465838343
3.26180692274 0.267123685688
3.65422236893 0.260314007583
4.09384780825 0.285963548058
4.5863628934 0.18158658581
5.13813057427 0.202793668571
5.75627930276 0.160840184292
6.44879512742 0.130680583081
7.22462486758 0.0796406423071
8.09379169998 0.0726460083367
9.06752465124 0.0365570801083
10.158403669 0.0313393463673
11.3805221458 0.0206209645147
12.7496689965 0.0196797388948
14.2835326391 0.00881109766527
16.0019295175 0.00538319580415
17.9270601154 0.00480671606428
20.0837957716 0.00184463541141
22.5 -0.0036252282086
