0.0767973856209 135.565281681
0.0860365837275 70.3538015852
0.096387314225 60.5144074498
0.1079833013 50.0007019427
0.120974356983 41.9579596118
0.135528316613 35.2590017717
0.151833207152 29.0530961475
0.170099676365 24.9687656419
0.190563714236 20.7080831755
0.213489701801 17.7218365748
0.239173826758 14.9352248446
0.267947910009 12.7024080926
0.300183692553 10.7313006796
0.336297638119 9.1618656746
0.376756313583 7.90207128506
0.422082416691 6.74200481146
0.472861528943 5.82722072457
0.529749680898 5.05485667633
0.593481827626 4.39291829306
0.664881343817 3.82287716923
0.744870661203 3.35078283723
0.834483185732 2.93816282523
0.934876648442 2.57012738873
1.04734806254 2.2481197645
1.17335047992 1.95281580374
1.31451176353 1.71969407489
1.47265561828 1.49930929281
1.64982515199 1.30406572536
1.84830927091 1.14021543035
2.07067225082 0.989270975511
2.31978686565 0.867425066357
2.59887150172 0.755825893907
2.91153173701 0.659356275087
3.26180692274 0.575879208883
3.65422236893 0.500009315781
4.09384780825 0.428838380419
4.5863628934 0.36551773617
5.13813057427 0.306253223764
5.75627930276 0.25149305231
6.44879512742 0.200461695468
7.22462486758 0.158505972803
8.09379169998 0.125830675687
9.06752465124 0.0932918358348
10.158403669 0.0704339959208
11.3805221458 0.0544443307737
12.7496689965 0.0402978402521
14.2835326391 0.0270549031578
16.0019295175 0.0146784251214
17.9270601154 0.0043831764286
20.0837957716 -0.00501093211863
22.5 -0.014484505857
