0.0767973856209 142.961211846
0.0860365837275 68.6041434224
0.096387314225 55.1313491842
0.1079833013 48.4873603669
0.120974356983 40.4567109188
0.135528316613 33.1835131359
0.151833207152 27.5568078854
0.170099676365 23.9118814442
0.190563714236 20.5109145439
0.213489701801 17.0733094457
0.239173826758 14.9366924797
0.267947910009 12.6543450913
0.300183692553 10.8517601249
0.336297638119 9.43480507248
0.376756313583 8.03235779033
0.422082416691 6.98351706831
0.472861528943 6.08488777716
0.529749680898 5.26465380083
0.593481827626 4.52770825584
0.664881343817 3.92374417032
0.744870661203 3.43275650437
0.834483185732 2.9893188303
0.934876648442 2.64412496513
1.04734806254 2.33411725575
1.17335047992 2.03021271544
1.31451176353 1.77916152883
1.47265561828 1.54790964762
1.64982515199 1.35527651388
1.84830927091 1.1797425253
2.07067225082 1.03256638665
2.31978686565 0.90171762639
2.59887150172 0.790706065592
2.91153173701 0.688652481562
3.26180692274 0.594445342156
3.65422236893 0.515078464488
4.09384780825 0.441993484723
4.5863628934 0.377268616698
5.13813057427 0.317722825473
5.75627930276 0.265597233559
6.44879512742 0.212638324723
7.22462486758 0.168821416917
8.09379169998 0.133511719197
9.06752465124 0.0990967741668
10.158403669 0.0726718096719
11.3805221458 0.0572849163906
12.7496689965 0.0438162039525
14.2835326391 0.0292291250493
16.0019295175 0.0166784715331
17.9270601154 0.00540206133916
20.0837957716 -0.00637650028226
22.5 -0.0153955410056
