0.0767973856209 -1.0
0.0928056261447 -1.0
0.11215074803 80.9116046039
0.135528316613 -1.0
0.163778886246 -1.0
0.197918222925 13.9037174657
0.239173826758 -1.0
0.289029067464 -1.0
0.349276519808 1.7117133814
0.422082416691 5.14639076022
0.510064537341 -0.129283914266
0.616386331115 0.973571890318
0.744870661203 2.07540301962
0.90013725794 0.425831655674
1.08776882395 1.06476186694
1.31451176353 1.03478495537
1.58851875364 0.0377133864018
1.9196418782 0.437387892232
2.31978686565 0.332815988767
2.80334116648 0.431814448882
3.38769126252 0.266047746446
4.09384780825 0.231045922942
4.94720108131 0.244373805154
5.97843390504 0.139342233759
7.22462486758 0.0509938447461
8.7305815045 0.0662561316516
10.5504513804 0.0397564919152
12.7496689965 0.020137825681
15.4073085274 0.0174390641436
18.6189269795 0.0120580131931
22.5 -0.00575705852554
