0.0767973856209 55.7476013148
0.0860365837275 7.73404573484
0.096387314225 23.8465038669
0.1079833013 16.670755717
0.120974356983 11.5673861113
0.135528316613 3.46894281714
0.151833207152 16.4806397278
0.170099676365 9.17178053979
0.190563714236 4.62655213261
0.213489701801 4.71655178745
0.239173826758 1.43935623428
0.267947910009 4.78287504133
0.300183692553 3.72967700633
0.336297638119 2.65622985969
0.376756313583 3.05646678767
0.422082416691 2.9945412693
0.472861528943 1.73568652509
0.529749680898 2.21774240534
0.593481827626 1.52793709647
0.664881343817 1.74410354626
0.744870661203 1.51688825662
0.834483185732 1.12503035147
0.934876648442 1.24654921906
1.04734806254 0.684888154452
1.17335047992 0.828420951779
1.31451176353 0.799943373172
1.47265561828 0.637152711917
1.64982515199 0.532219104103
1.84830927091 0.49405593235
2.07067225082 0.440982410025
2.31978686565 0.427621848723
2.59887150172 0.376576432909
2.91153173701 0.386039044271
3.26180692274 0.315290539277
3.65422236893 0.245606775175
4.09384780825 0.218833548475
4.5863628934 0.203265120725
5.13813057427 0.179584344737
5.75627930276 0.144812441763
6.44879512742 0.110326681178
7.22462486758 0.0966864508233
8.09379169998 0.0739543212807
9.06752465124 0.0516692729025
10.158403669 0.0392894095547
11.3805221458 0.0301895813148
12.7496689965 0.0239256879379
14.2835326391 0.0148060338434
16.0019295175 0.00838730669447
17.9270601154 0.00152879335841
20.0837957716 -0.0030503541218
22.5 -0.00610115753141
