0.0767973856209 31.6085239484
0.0860365837275 17.1750448794
0.096387314225 14.0412043449
0.1079833013 11.9119239864
0.120974356983 10.5306566925
0.135528316613 8.91254094111
0.151833207152 8.66524704957
0.170099676365 7.00707025678
0.190563714236 6.16197101941
0.213489701801 5.38048216283
0.239173826758 4.84527455001
0.267947910009 4.22104083699
0.300183692553 3.71491222664
0.336297638119 3.21228869794
0.376756313583 2.86153813381
0.422082416691 2.51458199728
0.472861528943 2.32760417273
0.529749680898 1.99759932583
0.593481827626 1.78982218975
0.664881343817 1.58342800067
0.744870661203 1.4232026889
0.834483185732 1.29242988313
0.934876648442 1.09187431437
1.04734806254 0.985264077375
1.17335047992 0.854443465687
1.31451176353 0.770243198997
1.47265561828 0.677809559046
1.64982515199 0.603989377285
1.84830927091 0.529741036787
2.07067225082 0.472402077805
2.31978686565 0.418171976549
2.59887150172 0.368865589329
2.91153173701 0.322635840873
3.26180692274 0.280134784506
3.65422236893 0.24128941877
4.09384780825 0.206389509861
4.5863628934 0.175529631407
5.13813057427 0.150468446801
5.75627930276 0.123628602141
6.44879512742 0.0990484994867
7.22462486758 0.0794403866461
8.09379169998 0.0633743316864
9.06752465124 0.0449793310495
10.158403669 0.0331219405285
11.3805221458 0.0263516728062
12.7496689965 0.0201195669397
14.2835326391 0.0128913719137
16.0019295175 0.00639154152781
17.9270601154 0.00116762768102
20.0837957716 -0.00299578613489
22.5 -0.00746831430671
