0.0767973856209 538.807115667
0.0860365837275 289.993413884
0.096387314225 267.098987519
0.1079833013 211.414362554
0.120974356983 140.552307721
0.135528316613 142.816511186
0.151833207152 142.796251093
0.170099676365 97.8442653082
0.190563714236 92.1216707647
0.213489701801 66.9592873503
0.239173826758 51.0266309226
0.267947910009 47.6050963298
0.300183692553 40.4969217793
0.336297638119 31.0041536391
0.376756313583 28.0225675786
0.422082416691 24.2898310851
0.472861528943 18.9380229175
0.529749680898 16.1404894353
0.593481827626 13.4771959161
0.664881343817 12.2839504924
0.744870661203 9.79787536582
0.834483185732 8.02394699701
0.934876648442 7.30448222424
1.04734806254 6.34324137334
1.17335047992 5.32278526428
1.31451176353 4.42298184221
1.47265561828 3.87359646071
1.64982515199 3.19907168768
1.84830927091 2.80349844244
2.07067225082 2.33527829648
2.31978686565 2.03872747957
2.59887150172 1.77217286573
2.91153173701 1.5151775954
3.26180692274 1.27856812964
3.65422236893 1.10099266092
4.09384780825 0.906134198045
4.5863628934 0.771162089237
5.13813057427 0.649790821444
5.75627930276 0.541049054005
6.44879512742 0.427448073679
7.22462486758 0.328378438283
8.09379169998 0.258146110653
9.06752465124 0.188616926622
10.158403669 0.148446068284
11.3805221458 0.122987417464
12.7496689965 0.100440202399
14.2835326391 0.0694665815084
16.0019295175 0.0425522974284
17.9270601154 0.0190150782157
20.0837957716 -0.0078038831669
22.5 -0.0234378271397
