0.0767973856209 310.647741492
0.0860365837275 179.864774422
0.096387314225 115.462714689
0.1079833013 115.206332521
0.120974356983 109.780245084
0.135528316613 74.0348221695
0.151833207152 61.7033233094
0.170099676365 57.5103923151
0.190563714236 52.3088682777
0.213489701801 38.8327507653
0.239173826758 33.0174672378
0.267947910009 27.8051817561
0.300183692553 23.5718769614
0.336297638119 19.7904554951
0.376756313583 16.3183731465
0.422082416691 13.7387263604
0.472861528943 11.6610069876
0.529749680898 9.81583252209
0.593481827626 8.32295947051
0.664881343817 7.46283897285
0.744870661203 6.29179567085
0.834483185732 5.21986828475
0.934876648442 4.8180552392
1.04734806254 4.11193646985
1.17335047992 3.69264216885
1.31451176353 3.02405918574
1.47265561828 2.54228146323
1.64982515199 2.31372050512
1.84830927091 1.90471612504
2.07067225082 1.65946699147
2.31978686565 1.38130693683
2.59887150172 1.21261208104
2.91153173701 1.07581106691
3.26180692274 0.895242650767
3.65422236893 0.781056891532
4.09384780825 0.676998778839
4.5863628934 0.567199767033
5.13813057427 0.461192844437
5.75627930276 0.393728213857
6.44879512742 0.306465642262
7.22462486758 0.2439248738
8.09379169998 0.190789604025
9.06752465124 0.137059381627
10.158403669 0.102964138625
11.3805221458 0.0804992941664
12.7496689965 0.0621642541504
14.2835326391 0.0376073294762
16.0019295175 0.022418968276
17.9270601154 0.00516650226933
20.0837957716 -0.00608507799499
22.5 -0.0176193372937
