0.0767973856209 -1.0
0.0928056261447 -1.0
0.11215074803 -1.0
0.135528316613 -1.0
0.163778886246 -1.0
0.197918222925 -1.0
0.239173826758 -1.0
0.289029067464 -1.0
0.349276519808 -1.0
0.422082416691 -1.0
0.510064537341 -1.0
0.616386331115 -1.0
0.744870661203 -1.0
0.90013725794 -1.0
1.08776882395 -1.0
1.31451176353 9.48775497418
1.58851875364 1.97145343194
1.9196418782 4.05133969277
2.31978686565 1.8623515143
2.80334116648 -0.459347639127
3.38769126252 1.45089373984
4.09384780825 0.215203263891
4.94720108131 0.475565655056
5.97843390504 0.505037894766
7.22462486758 -0.147167333979
8.7305815045 -0.0692783893647
10.5504513804 0.206923677911
12.7496689965 0.120685748831
15.4073085274 0.130043351408
18.6189269795 0.105372978625
22.5 0.0425420275544
