0.0767973856209 41.4896137636
0.0928056261447 17.019463475
0.11215074803 13.4652493023
0.135528316613 7.5182034418
0.163778886246 8.83585880705
0.197918222925 6.07009890527
0.239173826758 4.81934882146
0.289029067464 3.65633293599
0.349276519808 3.46013194843
0.422082416691 2.85752274777
0.510064537341 2.24413674681
0.616386331115 1.94708303324
0.744870661203 1.55384453272
0.90013725794 1.33912403963
1.08776882395 1.07057936547
1.31451176353 0.899893494923
1.58851875364 0.72376305817
1.9196418782 0.581841751767
2.31978686565 0.476829930609
2.80334116648 0.378003377619
3.38769126252 0.312534814521
4.09384780825 0.245495050973
4.94720108131 0.187880662149
5.97843390504 0.136591503624
7.22462486758 0.0994159904706
8.7305815045 0.0671873214084
10.5504513804 0.0424353836842
12.7496689965 0.0301110545199
15.4073085274 0.0162742534339
18.6189269795 0.00297932360816
22.5 -0.0084561669812
