0.0767973856209 307.510772951
0.0860365837275 155.769319144
0.096387314225 99.0585821544
0.1079833013 90.4931645286
0.120974356983 94.4354896076
0.135528316613 72.5295396894
0.151833207152 72.138431177
0.170099676365 54.396851647
0.190563714236 48.2013423338
0.213489701801 40.1746093593
0.239173826758 30.5286144618
0.267947910009 25.8810473097
0.300183692553 21.0989447302
0.336297638119 18.3850521481
0.376756313583 14.7731974499
0.422082416691 12.8733636146
0.472861528943 11.8085410094
0.529749680898 9.35784619435
0.593481827626 8.15450483082
0.664881343817 7.01746899471
0.744870661203 5.94398771619
0.834483185732 5.39675596434
0.934876648442 4.65065962903
1.04734806254 3.94347417307
1.17335047992 3.36600546256
1.31451176353 2.65510161555
1.47265561828 2.44675803959
1.64982515199 2.12429733827
1.84830927091 1.78574885278
2.07067225082 1.54593878831
2.31978686565 1.34620344166
2.59887150172 1.20874946098
2.91153173701 0.990369439833
3.26180692274 0.877851949733
3.65422236893 0.7487547613
4.09384780825 0.653322240309
4.5863628934 0.543684063149
5.13813057427 0.459272554851
5.75627930276 0.37781848945
6.44879512742 0.297644904367
7.22462486758 0.23170509913
8.09379169998 0.190719198436
9.06752465124 0.140979976392
10.158403669 0.107252687586
11.3805221458 0.0859381367951
12.7496689965 0.0651644404405
14.2835326391 0.0429064931666
16.0019295175 0.0236999288506
17.9270601154 0.0088194333115
20.0837957716 -0.0066692108059
22.5 -0.0185572600935
