0.0767973856209 42.2590554272
0.0928056261447 10.5858369373
0.11215074803 12.1302743109
0.135528316613 8.19095340458
0.163778886246 6.81210757805
0.197918222925 5.74551776746
0.239173826758 4.29556240422
0.289029067464 3.76057373657
0.349276519808 3.18062280685
0.422082416691 2.37594638882
0.510064537341 2.09936673825
0.616386331115 1.70301550042
0.744870661203 1.38450021944
0.90013725794 1.15262890767
1.08776882395 0.913912775637
1.31451176353 0.779556906791
1.58851875364 0.626197786
1.9196418782 0.515457580497
2.31978686565 0.419475375567
2.80334116648 0.347281878288
3.38769126252 0.286439545774
4.09384780825 0.21391491363
4.94720108131 0.169942573644
5.97843390504 0.121022529861
7.22462486758 0.0869338988007
8.7305815045 0.0588267279245
10.5504513804 0.0387133565708
12.7496689965 0.0234254974548
15.4073085274 0.0117534432986
18.6189269795 0.000695593259364
22.5 -0.00517663090827
