0.0767973856209 66.9354947612
0.0860365837275 82.6478306769
0.096387314225 -1.0
0.1079833013 83.6183101752
0.120974356983 -1.0
0.135528316613 -1.0
0.151833207152 29.4392434028
0.170099676365 42.2965891107
0.190563714236 6.69809963662
0.213489701801 15.4245930405
0.239173826758 6.78741274627
0.267947910009 10.0767671013
0.300183692553 6.8777620638
0.336297638119 6.00329962779
0.376756313583 6.96915961127
0.422082416691 4.66764135168
0.472861528943 4.03851096888
0.529749680898 2.58337321764
0.593481827626 2.82272571089
0.664881343817 2.44370003086
0.744870661203 1.70695379798
0.834483185732 3.7671051045
0.934876648442 2.78154447291
1.04734806254 1.78216129299
1.17335047992 1.96799659444
1.31451176353 1.50954219132
1.47265561828 1.73554842439
1.64982515199 1.09973100133
1.84830927091 1.09233832448
2.07067225082 0.938083956558
2.31978686565 1.00992941625
2.59887150172 0.681355306917
2.91153173701 0.6145115907
3.26180692274 0.619503399695
3.65422236893 0.502234298269
4.09384780825 0.4915452706
4.5863628934 0.434623882358
5.13813057427 0.36629089245
5.75627930276 0.295136895441
6.44879512742 0.246868184299
7.22462486758 0.159283787818
8.09379169998 0.141671320803
9.06752465124 0.124429592746
10.158403669 0.103487933306
11.3805221458 0.0780208590728
12.7496689965 0.0658585380845
14.2835326391 0.0464893667623
16.0019295175 0.0229820314376
17.9270601154 0.00503804420445
20.0837957716 0.00490319068257
22.5 -0.00741087318333
