0.0767973856209 188.4822217
0.0860365837275 -1.0
0.096387314225 -1.0
0.1079833013 -1.0
0.120974356983 40.96294092
0.135528316613 -1.0
0.151833207152 -1.0
0.170099676365 29.19016026
0.190563714236 -1.0
0.213489701801 6.63510638724
0.239173826758 4.4300637452
0.267947910009 -1.0
0.300183692553 1.74653158691
0.336297638119 2.90664932189
0.376756313583 3.16759513988
0.422082416691 1.96398060825
0.472861528943 0.405315815833
0.529749680898 0.998912411976
0.593481827626 5.04188604418
0.664881343817 0.769340764496
0.744870661203 3.67386997683
0.834483185732 1.94049841485
0.934876648442 1.90959758103
1.04734806254 1.32795877079
1.17335047992 1.29949581294
1.31451176353 0.341023259467
1.47265561828 1.02377180715
1.64982515199 0.919066892884
1.84830927091 0.741340393702
2.07067225082 0.891124988461
2.31978686565 0.684178289687
2.59887150172 0.426334428035
2.91153173701 0.499031096195
3.26180692274 0.438601164084
3.65422236893 0.40527936906
4.09384780825 0.331851842625
4.5863628934 0.243692931928
5.13813057427 0.18683237825
5.75627930276 0.146721922693
6.44879512742 0.116388080219
7.22462486758 0.113924571441
8.09379169998 0.0790384941878
9.06752465124 0.0547012993845
10.158403669 0.0438611803314
11.3805221458 0.0354862262164
12.7496689965 0.0314528835639
14.2835326391 0.0366139415329
16.0019295175 0.0182716612163
17.9270601154 0.00923382759262
20.0837957716 -0.00491942923219
22.5 -0.00804853390108
