0.0767973856209 384.284610505
0.0860365837275 223.40235526
0.096387314225 183.793344545
0.1079833013 166.267478973
0.120974356983 117.960107071
0.135528316613 87.632820047
0.151833207152 81.3757858699
0.170099676365 70.8307958417
0.190563714236 59.8682313054
0.213489701801 55.4306886871
0.239173826758 38.9500718117
0.267947910009 31.7133204017
0.300183692553 29.866328529
0.336297638119 22.468242861
0.376756313583 20.0975937168
0.422082416691 17.538945921
0.472861528943 14.2953632567
0.529749680898 12.6270320359
0.593481827626 10.262773322
0.664881343817 8.51993056606
0.744870661203 7.15984117542
0.834483185732 6.36517003354
0.934876648442 5.24458389984
1.04734806254 4.58905656467
1.17335047992 3.82391638833
1.31451176353 3.55557357889
1.47265561828 2.88600746562
1.64982515199 2.4091418081
1.84830927091 2.15321292323
2.07067225082 1.80227613486
2.31978686565 1.59128278281
2.59887150172 1.3841301731
2.91153173701 1.21591369419
3.26180692274 1.01579816818
3.65422236893 0.901212118047
4.09384780825 0.742929418616
4.5863628934 0.615035261785
5.13813057427 0.513677649563
5.75627930276 0.412823620353
6.44879512742 0.326935062508
7.22462486758 0.254226858305
8.09379169998 0.202189014344
9.06752465124 0.139347280877
10.158403669 0.103808080079
11.3805221458 0.0853985418702
12.7496689965 0.0695831388085
14.2835326391 0.051852050945
16.0019295175 0.0314201836876
17.9270601154 0.00873956239284
20.0837957716 -0.0112826554081
22.5 -0.0204337639086
