0.0767973856209 -1.0
0.0928056261447 -1.0
0.11215074803 -1.0
0.135528316613 -1.0
0.163778886246 -1.0
0.197918222925 -1.0
0.239173826758 -1.0
0.289029067464 -1.0
0.349276519808 -1.0
0.422082416691 33.4924016392
0.510064537341 -1.0
0.616386331115 -1.0
0.744870661203 2.13792539671
0.90013725794 0.778111561946
1.08776882395 2.02271118049
1.31451176353 -0.429058266322
1.58851875364 2.23525249808
1.9196418782 0.833262154253
2.31978686565 0.66211453515
2.80334116648 1.00141095931
3.38769126252 0.867935067196
4.09384780825 0.606604820767
4.94720108131 0.210277544076
5.97843390504 0.268437899273
7.22462486758 0.224304126651
8.7305815045 0.134171400365
10.5504513804 0.137389785274
12.7496689965 0.115054745587
15.4073085274 0.0700993933953
18.6189269795 0.0212719030951
22.5 -0.00289106757749
