0.0767973856209 133.130690342
0.0860365837275 62.4992414003
0.096387314225 53.9963212725
0.1079833013 44.9543640063
0.120974356983 37.1561818098
0.135528316613 31.1282183046
0.151833207152 26.0147739378
0.170099676365 21.7467363169
0.190563714236 18.167305407
0.213489701801 15.5736047046
0.239173826758 13.1523138784
0.267947910009 11.1208568823
0.300183692553 9.37177649187
0.336297638119 8.1662718945
0.376756313583 7.05935637274
0.422082416691 6.06669521387
0.472861528943 5.25749312355
0.529749680898 4.55530168565
0.593481827626 3.95209886656
0.664881343817 3.45220630828
0.744870661203 3.02127939449
0.834483185732 2.64899751014
0.934876648442 2.32065233278
1.04734806254 2.03783733823
1.17335047992 1.77525389194
1.31451176353 1.57820505807
1.47265561828 1.37225795225
1.64982515199 1.20135244926
1.84830927091 1.04103547263
2.07067225082 0.903626273776
2.31978686565 0.796518751694
2.59887150172 0.695322657575
2.91153173701 0.607852202597
3.26180692274 0.529881105751
3.65422236893 0.461551359108
4.09384780825 0.395907440582
4.5863628934 0.337108678855
5.13813057427 0.281772773843
5.75627930276 0.23007591146
6.44879512742 0.184847806734
7.22462486758 0.146887108744
8.09379169998 0.115302212002
9.06752465124 0.0849280362952
10.158403669 0.0627119473343
11.3805221458 0.0489259307287
12.7496689965 0.0374644545111
14.2835326391 0.0253474292274
16.0019295175 0.0140882111968
17.9270601154 0.00379780826142
20.0837957716 -0.00505319935974
22.5 -0.013137429778
