0.0767973856209 149.107583606
0.0860365837275 77.3331762424
0.096387314225 65.1603179376
0.1079833013 53.0789703862
0.120974356983 43.9890656808
0.135528316613 37.4936336832
0.151833207152 31.568580008
0.170099676365 26.343159782
0.190563714236 22.4135543516
0.213489701801 18.9714670283
0.239173826758 15.8885560376
0.267947910009 13.8209772842
0.300183692553 11.8723674093
0.336297638119 10.0888859129
0.376756313583 8.68284878572
0.422082416691 7.39481672189
0.472861528943 6.37621126876
0.529749680898 5.58644661146
0.593481827626 4.79920024849
0.664881343817 4.20359208104
0.744870661203 3.68076225899
0.834483185732 3.20112509489
0.934876648442 2.79227551826
1.04734806254 2.4430439545
1.17335047992 2.14791093084
1.31451176353 1.86267090024
1.47265561828 1.62454411983
1.64982515199 1.42175674208
1.84830927091 1.24037845668
2.07067225082 1.07578897856
2.31978686565 0.939123097403
2.59887150172 0.821788584017
2.91153173701 0.716946229851
3.26180692274 0.619891212322
3.65422236893 0.538333310659
4.09384780825 0.459963754708
4.5863628934 0.391778637546
5.13813057427 0.329315146581
5.75627930276 0.272696605567
6.44879512742 0.217709259421
7.22462486758 0.171709480193
8.09379169998 0.136003838603
9.06752465124 0.0999970931811
10.158403669 0.0740997893767
11.3805221458 0.0573791204212
12.7496689965 0.0427381525394
14.2835326391 0.0289719291789
16.0019295175 0.0163675691481
17.9270601154 0.00532198695582
20.0837957716 -0.00518084838948
22.5 -0.0143010604307
