0.0767973856209 51.9860122717
0.0860365837275 14.6577883123
0.096387314225 32.4073099963
0.1079833013 12.1995412328
0.120974356983 25.284922654
0.135528316613 13.6879500841
0.151833207152 12.2949397496
0.170099676365 13.8583592186
0.190563714236 11.0082028768
0.213489701801 10.2730590759
0.239173826758 8.71801733486
0.267947910009 6.08420907346
0.300183692553 5.14422841628
0.336297638119 4.24370720301
0.376756313583 3.5994800351
0.422082416691 4.39295360439
0.472861528943 3.18127112615
0.529749680898 2.5773917917
0.593481827626 2.80044331733
0.664881343817 2.44926080152
0.744870661203 1.91155232356
0.834483185732 1.99734787669
0.934876648442 1.76226584264
1.04734806254 1.43032760536
1.17335047992 1.23051244725
1.31451176353 1.2112083635
1.47265561828 1.08258208288
1.64982515199 0.982976592511
1.84830927091 0.879855898252
2.07067225082 0.684007399078
2.31978686565 0.631673033031
2.59887150172 0.564928582931
2.91153173701 0.49989987553
3.26180692274 0.446882836326
3.65422236893 0.397206361006
4.09384780825 0.333784115749
4.5863628934 0.300438464852
5.13813057427 0.269300936067
5.75627930276 0.201271955463
6.44879512742 0.174535854748
7.22462486758 0.131900348872
8.09379169998 0.109649050271
9.06752465124 0.0886276662574
10.158403669 0.0713638996432
11.3805221458 0.0548179459272
12.7496689965 0.039790788041
14.2835326391 0.030147954955
16.0019295175 0.017338386923
17.9270601154 0.00545817556136
20.0837957716 -0.000797794946042
22.5 -0.0107520890318
