0.0767973856209 51.3707254681
0.0928056261447 29.816311422
0.11215074803 20.3425949312
0.135528316613 7.79550774623
0.163778886246 15.1979729052
0.197918222925 5.35442439864
0.239173826758 3.60095451397
0.289029067464 3.76086411417
0.349276519808 4.26704149273
0.422082416691 3.07649863946
0.510064537341 2.95992444326
0.616386331115 2.33078747275
0.744870661203 1.65560102111
0.90013725794 1.61933031157
1.08776882395 1.30292447028
1.31451176353 1.0002105688
1.58851875364 0.871513899691
1.9196418782 0.657872926435
2.31978686565 0.532038577773
2.80334116648 0.411895768985
3.38769126252 0.364913090969
4.09384780825 0.273852961887
4.94720108131 0.213464958739
5.97843390504 0.159196178034
7.22462486758 0.112915312064
8.7305815045 0.0768065369337
10.5504513804 0.0529986351248
12.7496689965 0.0342152724064
15.4073085274 0.0199064256879
18.6189269795 0.00605226276062
22.5 -0.0107948789782
