0.0767973856209 -1.0
0.0860365837275 -1.0
0.096387314225 -1.0
0.1079833013 -1.0
0.120974356983 -1.0
0.135528316613 -1.0
0.151833207152 -1.0
0.170099676365 -1.0
0.190563714236 -1.0
0.213489701801 -1.0
0.239173826758 -1.0
0.267947910009 -1.0
0.300183692553 -1.0
0.336297638119 -1.0
0.376756313583 -1.0
0.422082416691 -1.0
0.472861528943 -1.0
0.529749680898 -1.0
0.593481827626 -1.0
0.664881343817 10.9218029677
0.744870661203 3.23937446244
0.834483185732 11.0601193504
0.934876648442 1.14427977575
1.04734806254 3.5750151783
1.17335047992 -1.0
1.31451176353 2.08539624025
1.47265561828 0.645743105662
1.64982515199 0.170447341361
1.84830927091 2.60714675829
2.07067225082 0.18402683457
2.31978686565 0.824498380713
2.59887150172 1.19590044049
2.91153173701 0.632704674241
3.26180692274 0.817490443132
3.65422236893 0.759363388287
4.09384780825 0.200182149608
4.5863628934 0.416555983885
5.13813057427 0.227022653053
5.75627930276 0.129858147971
6.44879512742 0.234725591608
7.22462486758 -0.0242966967749
8.09379169998 0.030962597313
9.06752465124 0.085725720457
10.158403669 0.08637895095
11.3805221458 0.110208880806
12.7496689965 0.0440339310723
14.2835326391 0.0828073716349
16.0019295175 0.0249327252462
17.9270601154 0.021473642608
20.0837957716 0.0283892243416
22.5 -0.00835893895203
