0.0767973856209 287.173962821
0.0860365837275 165.645454027
0.096387314225 124.841853943
0.1079833013 126.381224304
0.120974356983 105.084889309
0.135528316613 85.2254182396
0.151833207152 68.4996803254
0.170099676365 61.5118253598
0.190563714236 49.4893674868
0.213489701801 41.6482670256
0.239173826758 35.6067581678
0.267947910009 28.5368868864
0.300183692553 23.8199009942
0.336297638119 20.6493652676
0.376756313583 17.0504558082
0.422082416691 14.8108898627
0.472861528943 12.7372018118
0.529749680898 10.3901428179
0.593481827626 8.67797563204
0.664881343817 7.42466093178
0.744870661203 6.46604647265
0.834483185732 5.49799926429
0.934876648442 4.79402690162
1.04734806254 4.18148699277
1.17335047992 3.61628724716
1.31451176353 3.11337691617
1.47265561828 2.6075833505
1.64982515199 2.25001309332
1.84830927091 1.93688764507
2.07067225082 1.64845574716
2.31978686565 1.44811530668
2.59887150172 1.26881701552
2.91153173701 1.07953224566
3.26180692274 0.934699765353
3.65422236893 0.815899899078
4.09384780825 0.702602562947
4.5863628934 0.593805632406
5.13813057427 0.493561935299
5.75627930276 0.408443390021
6.44879512742 0.324737942885
7.22462486758 0.255254817997
8.09379169998 0.196596371793
9.06752465124 0.14332746967
10.158403669 0.103543507318
11.3805221458 0.0833019966824
12.7496689965 0.0653478083604
14.2835326391 0.0445395623418
16.0019295175 0.0267814031739
17.9270601154 0.00834602736666
20.0837957716 -0.00942556537805
22.5 -0.0213410849166
