0.0767973856209 128.322052044
0.0860365837275 59.5663157639
0.096387314225 50.9688310967
0.1079833013 43.2710275865
0.120974356983 35.6114747338
0.135528316613 30.1426615741
0.151833207152 25.4593575654
0.170099676365 21.4406883351
0.190563714236 18.0206989524
0.213489701801 15.6648454014
0.239173826758 13.486979367
0.267947910009 11.2649940803
0.300183692553 9.78321879207
0.336297638119 8.36163630371
0.376756313583 7.17946656433
0.422082416691 6.2495247244
0.472861528943 5.36613329402
0.529749680898 4.70042236187
0.593481827626 4.07957198012
0.664881343817 3.5891241396
0.744870661203 3.1264346659
0.834483185732 2.75349690485
0.934876648442 2.41302625113
1.04734806254 2.1115273114
1.17335047992 1.84990204675
1.31451176353 1.61717402847
1.47265561828 1.41374547779
1.64982515199 1.23708603554
1.84830927091 1.07861214767
2.07067225082 0.937272464722
2.31978686565 0.82139615745
2.59887150172 0.721591839519
2.91153173701 0.629855681056
3.26180692274 0.544226049802
3.65422236893 0.471401267623
4.09384780825 0.405828937143
4.5863628934 0.346946598484
5.13813057427 0.292507031682
5.75627930276 0.240188437511
6.44879512742 0.192260601528
7.22462486758 0.153518165318
8.09379169998 0.12114778921
9.06752465124 0.0884504002182
10.158403669 0.0647332031521
11.3805221458 0.0510863374537
12.7496689965 0.0389027159839
14.2835326391 0.0260225396124
16.0019295175 0.0141391309553
17.9270601154 0.00383727034233
20.0837957716 -0.00622009664578
22.5 -0.014507870177
