0.0767973856209 670.660604441
0.0860365837275 182.778753688
0.096387314225 521.811495701
0.1079833013 184.910949003
0.120974356983 395.657853662
0.135528316613 281.10182297
0.151833207152 166.191610664
0.170099676365 236.812299533
0.190563714236 100.47881748
0.213489701801 95.2285561384
0.239173826758 58.8827667236
0.267947910009 120.681246022
0.300183692553 37.9426944487
0.336297638119 72.8557928045
0.376756313583 47.1488411113
0.422082416691 41.0258742805
0.472861528943 33.3166212717
0.529749680898 24.1931597932
0.593481827626 23.0763669379
0.664881343817 18.11408753
0.744870661203 10.6114384623
0.834483185732 10.8834902681
0.934876648442 10.7461540058
1.04734806254 9.9007266936
1.17335047992 5.88311639576
1.31451176353 7.65686460607
1.47265561828 5.08344052554
1.64982515199 4.57756688457
1.84830927091 3.4672256598
2.07067225082 3.0735135298
2.31978686565 2.8627600825
2.59887150172 2.14725804565
2.91153173701 2.025525848
3.26180692274 1.78242823983
3.65422236893 1.54732510476
4.09384780825 1.35241510968
4.5863628934 1.16559754069
5.13813057427 0.799017647093
5.75627930276 0.735396049047
6.44879512742 0.635718691826
7.22462486758 0.41845338956
8.09379169998 0.358899427209
9.06752465124 0.233489033324
10.158403669 0.211652714568
11.3805221458 0.159975909357
12.7496689965 0.15438369213
14.2835326391 0.111982862978
16.0019295175 0.0685434937125
17.9270601154 0.0398046914748
20.0837957716 0.00948095095932
22.5 -0.0287006571809
