0.0767973856209 32.8352376355
0.0860365837275 17.4017730641
0.096387314225 14.6134334022
0.1079833013 11.8791692608
0.120974356983 11.315461961
0.135528316613 9.61994553596
0.151833207152 8.46834262789
0.170099676365 7.6443656397
0.190563714236 6.3017975954
0.213489701801 5.52628171162
0.239173826758 4.8805247703
0.267947910009 4.24901456556
0.300183692553 3.79003380101
0.336297638119 3.21496774828
0.376756313583 2.94559257599
0.422082416691 2.61363317102
0.472861528943 2.35518352664
0.529749680898 2.05149298174
0.593481827626 1.8403769215
0.664881343817 1.61955003544
0.744870661203 1.43207642214
0.834483185732 1.29639750189
0.934876648442 1.12032598047
1.04734806254 1.01665911526
1.17335047992 0.898431206482
1.31451176353 0.791747765207
1.47265561828 0.697556645176
1.64982515199 0.617346057822
1.84830927091 0.547161513329
2.07067225082 0.48048512392
2.31978686565 0.425169758319
2.59887150172 0.375678809586
2.91153173701 0.328104748664
3.26180692274 0.285995026454
3.65422236893 0.250860210634
4.09384780825 0.21549922356
4.5863628934 0.186212489672
5.13813057427 0.156039215283
5.75627930276 0.127224794744
6.44879512742 0.104166681271
7.22462486758 0.0835454024209
8.09379169998 0.0668853573666
9.06752465124 0.0491278094257
10.158403669 0.036586882041
11.3805221458 0.0274922444422
12.7496689965 0.0205973960626
14.2835326391 0.0136293019539
16.0019295175 0.00670078850671
17.9270601154 0.0018218021055
20.0837957716 -0.00254038297972
22.5 -0.00766336594141
