0.0767973856209 32.0538962423
0.0860365837275 17.7214046777
0.096387314225 15.4985314906
0.1079833013 12.1060669444
0.120974356983 10.809845491
0.135528316613 8.89153164748
0.151833207152 8.25635042354
0.170099676365 6.566161814
0.190563714236 5.75437945278
0.213489701801 5.51739562868
0.239173826758 4.71500269247
0.267947910009 4.25913828333
0.300183692553 3.74961599836
0.336297638119 3.09347509032
0.376756313583 2.95331271916
0.422082416691 2.44238027428
0.472861528943 2.25066076401
0.529749680898 1.95346185573
0.593481827626 1.8295895012
0.664881343817 1.62263947996
0.744870661203 1.3978920545
0.834483185732 1.27095658704
0.934876648442 1.14359373166
1.04734806254 1.00529053499
1.17335047992 0.902058809723
1.31451176353 0.784124952427
1.47265561828 0.708167414984
1.64982515199 0.623318338159
1.84830927091 0.559382209834
2.07067225082 0.486284407202
2.31978686565 0.427469840178
2.59887150172 0.384013631259
2.91153173701 0.333698946714
3.26180692274 0.292695845035
3.65422236893 0.254494206403
4.09384780825 0.222802234662
4.5863628934 0.190803922032
5.13813057427 0.160165534722
5.75627930276 0.131330793278
6.44879512742 0.10443713585
7.22462486758 0.0849741682318
8.09379169998 0.0675750064792
9.06752465124 0.0506441872219
10.158403669 0.0384071403282
11.3805221458 0.0303595995436
12.7496689965 0.022672299296
14.2835326391 0.0141730367851
16.0019295175 0.00732979784581
17.9270601154 0.001701916584
20.0837957716 -0.00313173798608
22.5 -0.00848374177499
