0.0767973856209 -1.0
0.0860365837275 -1.0
0.096387314225 -1.0
0.1079833013 -1.0
0.120974356983 -1.0
0.135528316613 -1.0
0.151833207152 -1.0
0.170099676365 -1.0
0.190563714236 -1.0
0.213489701801 -1.0
0.239173826758 -1.0
0.267947910009 -1.0
0.300183692553 -1.0
0.336297638119 -1.0
0.376756313583 -1.0
0.422082416691 -1.0
0.472861528943 -1.0
0.529749680898 -1.0
0.593481827626 -1.0
0.664881343817 -1.0
0.744870661203 -1.0
0.834483185732 -1.0
0.934876648442 53.64956955
1.04734806254 -1.0
1.17335047992 -1.0
1.31451176353 -1.0
1.47265561828 -1.0
1.64982515199 -1.0
1.84830927091 -1.0
2.07067225082 -1.0
2.31978686565 6.15377738974
2.59887150172 1.54387203498
2.91153173701 0.809193822453
3.26180692274 0.286692979125
3.65422236893 -0.0849079838863
4.09384780825 2.25405287641
4.5863628934 0.388563327316
5.13813057427 -0.670819370456
5.75627930276 0.638785627881
6.44879512742 0.331999091381
7.22462486758 0.7762129648
8.09379169998 0.263237096476
9.06752465124 -0.0416957164259
10.158403669 0.277893133502
11.3805221458 0.242072577746
12.7496689965 0.0341753675268
14.2835326391 0.256483064692
16.0019295175 0.0679691258676
17.9270601154 0.100552593384
20.0837957716 -0.0905135430736
22.5 -1.0
