0.0767973856209 541.948376822
0.0860365837275 285.157529201
0.096387314225 230.585281586
0.1079833013 198.63966886
0.120974356983 137.433529433
0.135528316613 123.960201996
0.151833207152 99.5412734546
0.170099676365 86.4654955888
0.190563714236 78.0051273441
0.213489701801 65.8445816629
0.239173826758 47.2286376216
0.267947910009 39.6700663971
0.300183692553 32.9194046406
0.336297638119 28.5759178379
0.376756313583 23.8533769552
0.422082416691 19.2664001428
0.472861528943 15.2262197145
0.529749680898 13.3933423919
0.593481827626 10.7697202886
0.664881343817 9.12381484721
0.744870661203 7.37088487001
0.834483185732 6.98646109234
0.934876648442 6.03359609796
1.04734806254 5.12361176313
1.17335047992 4.2926348471
1.31451176353 3.67988545033
1.47265561828 3.15572661556
1.64982515199 2.75599843347
1.84830927091 2.40276397917
2.07067225082 2.00823313869
2.31978686565 1.81752451218
2.59887150172 1.53278299755
2.91153173701 1.33919152948
3.26180692274 1.14974772575
3.65422236893 0.983254080577
4.09384780825 0.814408556767
4.5863628934 0.690983480588
5.13813057427 0.558419301522
5.75627930276 0.449949377754
6.44879512742 0.352683331348
7.22462486758 0.272988602482
8.09379169998 0.221314477842
9.06752465124 0.155413884854
10.158403669 0.122471712692
11.3805221458 0.100184533727
12.7496689965 0.077900711708
14.2835326391 0.0574933266803
16.0019295175 0.033940356249
17.9270601154 0.0136743320789
20.0837957716 -0.0102662735426
22.5 -0.0202221781252
