0.0767973856209 37.5782154481
0.0928056261447 -1.0
0.11215074803 -1.0
0.135528316613 7.09887083328
0.163778886246 3.58924099421
0.197918222925 9.40200953269
0.239173826758 6.36789880224
0.289029067464 5.68005482157
0.349276519808 4.20474092438
0.422082416691 4.09420507463
0.510064537341 1.27892731585
0.616386331115 2.70189470993
0.744870661203 1.3416028384
0.90013725794 0.962667535995
1.08776882395 0.817032817752
1.31451176353 0.748587622789
1.58851875364 0.579309375795
1.9196418782 0.513381700998
2.31978686565 0.382433068395
2.80334116648 0.400161628699
3.38769126252 0.303672204244
4.09384780825 0.227981702153
4.94720108131 0.205686681774
5.97843390504 0.149587937804
7.22462486758 0.114315294003
8.7305815045 0.0730838242341
10.5504513804 0.053161108339
12.7496689965 0.042390190199
15.4073085274 0.022127084868
18.6189269795 0.00551955968644
22.5 -0.00245289798741
