0.0767973856209 37.7097238427
0.0860365837275 20.5250592074
0.096387314225 16.4954910627
0.1079833013 9.88739613338
0.120974356983 15.5923186243
0.135528316613 13.9471797036
0.151833207152 7.39241109131
0.170099676365 8.54985036549
0.190563714236 4.65985305373
0.213489701801 6.44674905969
0.239173826758 4.72551849069
0.267947910009 4.29356205958
0.300183692553 2.61996610998
0.336297638119 3.47964489034
0.376756313583 3.24787921769
0.422082416691 2.69821665337
0.472861528943 2.13026096289
0.529749680898 1.96391806506
0.593481827626 1.8761523452
0.664881343817 1.63850870724
0.744870661203 1.41670342154
0.834483185732 1.29503930568
0.934876648442 1.24101344368
1.04734806254 1.05063475344
1.17335047992 0.891198520491
1.31451176353 0.817493903222
1.47265561828 0.691780020301
1.64982515199 0.617915873365
1.84830927091 0.602235179775
2.07067225082 0.527280319907
2.31978686565 0.477284366457
2.59887150172 0.421158808017
2.91153173701 0.366357511629
3.26180692274 0.311861395803
3.65422236893 0.258798345924
4.09384780825 0.228208370438
4.5863628934 0.201196698496
5.13813057427 0.168713228492
5.75627930276 0.137704746643
6.44879512742 0.108767587152
7.22462486758 0.0857949890781
8.09379169998 0.0648880224443
9.06752465124 0.0521446365915
10.158403669 0.0427916593189
11.3805221458 0.0316310251784
12.7496689965 0.0225848716256
14.2835326391 0.0174243933938
16.0019295175 0.0100301358648
17.9270601154 0.00162617384098
20.0837957716 -0.00181615234457
22.5 -0.00533039636759
