0.0767973856209 30.475076201
0.0860365837275 16.4984473916
0.096387314225 14.0941628572
0.1079833013 13.2305885671
0.120974356983 11.0661438863
0.135528316613 8.82284402092
0.151833207152 7.98961323945
0.170099676365 7.09321326729
0.190563714236 6.36324065311
0.213489701801 5.45686690635
0.239173826758 4.91467192016
0.267947910009 4.3391183507
0.300183692553 3.82964209377
0.336297638119 3.3039974346
0.376756313583 2.97994788194
0.422082416691 2.61942069178
0.472861528943 2.36340218711
0.529749680898 2.08524027571
0.593481827626 1.86651457468
0.664881343817 1.64650751641
0.744870661203 1.47147308667
0.834483185732 1.31344498316
0.934876648442 1.16090122413
1.04734806254 1.04349526582
1.17335047992 0.92601875688
1.31451176353 0.821443647285
1.47265561828 0.731643047689
1.64982515199 0.645962649315
1.84830927091 0.573229392415
2.07067225082 0.503749303602
2.31978686565 0.445666217657
2.59887150172 0.389447488247
2.91153173701 0.34300950284
3.26180692274 0.301969442304
3.65422236893 0.263344191463
4.09384780825 0.22681274328
4.5863628934 0.192265632703
5.13813057427 0.163399277401
5.75627930276 0.134825528185
6.44879512742 0.10987626974
7.22462486758 0.0884788809699
8.09379169998 0.070290787748
9.06752465124 0.0517403418368
10.158403669 0.0382214713383
11.3805221458 0.029517393962
12.7496689965 0.0214091890732
14.2835326391 0.0138952226737
16.0019295175 0.00735549661215
17.9270601154 0.00224951304008
20.0837957716 -0.00270173029462
22.5 -0.00841383821425
