0.0767973856209 145.870219997
0.0860365837275 67.8011401499
0.096387314225 57.6219691775
0.1079833013 48.5063152016
0.120974356983 38.8313439888
0.135528316613 33.7046603702
0.151833207152 28.5297248843
0.170099676365 23.8046033319
0.190563714236 19.9766094302
0.213489701801 17.1071857076
0.239173826758 14.458793044
0.267947910009 12.2830357838
0.300183692553 10.7118278614
0.336297638119 9.1691247362
0.376756313583 7.83672561648
0.422082416691 6.75208229935
0.472861528943 5.81473473515
0.529749680898 5.05447828714
0.593481827626 4.38089062149
0.664881343817 3.83630387475
0.744870661203 3.34460891572
0.834483185732 2.94890401929
0.934876648442 2.58670721255
1.04734806254 2.27745273001
1.17335047992 1.98353866132
1.31451176353 1.722938941
1.47265561828 1.50363088689
1.64982515199 1.3272499644
1.84830927091 1.15538411725
2.07067225082 0.999856975319
2.31978686565 0.876633680091
2.59887150172 0.769476911003
2.91153173701 0.669124567333
3.26180692274 0.576731628923
3.65422236893 0.502891051548
4.09384780825 0.428764757251
4.5863628934 0.366584249324
5.13813057427 0.308984095014
5.75627930276 0.254485260298
6.44879512742 0.202284675123
7.22462486758 0.160818568515
8.09379169998 0.127032335133
9.06752465124 0.0929383460131
10.158403669 0.0680386713624
11.3805221458 0.0531068822068
12.7496689965 0.0409911960603
14.2835326391 0.0278159514996
16.0019295175 0.0155793960198
17.9270601154 0.00538417826929
20.0837957716 -0.00538697945297
22.5 -0.0138650237224
