0.0767973856209 24.5295944528
0.0860365837275 18.5108577669
0.096387314225 3.62535364166
0.1079833013 5.57907404152
0.120974356983 5.238689132
0.135528316613 9.5377233981
0.151833207152 7.28327964657
0.170099676365 4.89104253679
0.190563714236 6.78085471082
0.213489701801 3.54048779189
0.239173826758 3.64194724798
0.267947910009 3.01902058977
0.300183692553 3.28747228045
0.336297638119 2.73894519137
0.376756313583 3.10486457393
0.422082416691 2.63543793458
0.472861528943 1.89890747339
0.529749680898 1.85108122352
0.593481827626 1.82686337126
0.664881343817 1.52716245184
0.744870661203 1.42870703347
0.834483185732 1.27137293733
0.934876648442 0.966859646385
1.04734806254 1.02853575569
1.17335047992 0.913613179854
1.31451176353 0.801640326869
1.47265561828 0.618510682182
1.64982515199 0.58242717824
1.84830927091 0.500191911171
2.07067225082 0.501884157768
2.31978686565 0.402909130809
2.59887150172 0.366088123805
2.91153173701 0.331024953868
3.26180692274 0.290076151878
3.65422236893 0.249276664602
4.09384780825 0.208293189182
4.5863628934 0.186217977913
5.13813057427 0.162169209343
5.75627930276 0.134847042989
6.44879512742 0.112372125625
7.22462486758 0.0928044923275
8.09379169998 0.0712621629617
9.06752465124 0.0536670662243
10.158403669 0.0415172019499
11.3805221458 0.0325548139109
12.7496689965 0.0252805332409
14.2835326391 0.0162034049887
16.0019295175 0.0085002966697
17.9270601154 0.00186369168898
20.0837957716 -0.00500758012234
22.5 -0.00877170556317
