0.0767973856209 34.4948564376
0.0928056261447 17.1322346842
0.11215074803 12.5359084248
0.135528316613 10.5250943178
0.163778886246 8.69473713141
0.197918222925 6.45233073988
0.239173826758 5.41385718531
0.289029067464 4.35739607193
0.349276519808 3.54496161699
0.422082416691 2.9016002399
0.510064537341 2.43052555646
0.616386331115 1.94111254369
0.744870661203 1.60951835436
0.90013725794 1.33075572996
1.08776882395 1.08503119577
1.31451176353 0.887935742037
1.58851875364 0.726657821279
1.9196418782 0.588549605058
2.31978686565 0.486115962246
2.80334116648 0.389414654853
3.38769126252 0.312449165304
4.09384780825 0.244211496659
4.94720108131 0.18825799076
5.97843390504 0.136408650794
7.22462486758 0.0948410445193
8.7305815045 0.0621858917661
10.5504513804 0.0380007657627
12.7496689965 0.0240805076946
15.4073085274 0.0125535118524
18.6189269795 0.00099753696258
22.5 -0.00704965812133
