0.0767973856209 440.666383601
0.0860365837275 219.280052876
0.096387314225 155.662483566
0.1079833013 152.199567892
0.120974356983 115.383806377
0.135528316613 109.949432054
0.151833207152 84.1693399909
0.170099676365 69.3706067131
0.190563714236 64.5683702294
0.213489701801 49.6869777288
0.239173826758 43.2193949311
0.267947910009 33.9809761328
0.300183692553 29.2268029995
0.336297638119 25.1078687548
0.376756313583 19.822207313
0.422082416691 16.2282184469
0.472861528943 13.3258622653
0.529749680898 11.9310012119
0.593481827626 9.23463153193
0.664881343817 8.76229384363
0.744870661203 7.38029199771
0.834483185732 6.36328673293
0.934876648442 5.60227102176
1.04734806254 4.98148633048
1.17335047992 4.14959630739
1.31451176353 3.58593264162
1.47265561828 3.14070604057
1.64982515199 2.59113445439
1.84830927091 2.14763496129
2.07067225082 1.87606849677
2.31978686565 1.67037663062
2.59887150172 1.4194104119
2.91153173701 1.23171127901
3.26180692274 1.04114604719
3.65422236893 0.879943685028
4.09384780825 0.756429115521
4.5863628934 0.660042064984
5.13813057427 0.531424385439
5.75627930276 0.455138242786
6.44879512742 0.370527031246
7.22462486758 0.286057694792
8.09379169998 0.226228655863
9.06752465124 0.159542606087
10.158403669 0.11937827083
11.3805221458 0.0987549984622
12.7496689965 0.07404352468
14.2835326391 0.0491431964722
16.0019295175 0.0259841759885
17.9270601154 0.0100956605683
20.0837957716 -0.00575864768436
22.5 -0.0227793516584
