0.0767973856209 895.841294656
0.0860365837275 244.392351878
0.096387314225 522.566815849
0.1079833013 247.239386219
0.120974356983 175.547073855
0.135528316613 250.119451763
0.151833207152 266.893051172
0.170099676365 221.27881527
0.190563714236 157.083997119
0.213489701801 31.1225267268
0.239173826758 67.5363211473
0.267947910009 112.733239447
0.300183692553 39.4433618095
0.336297638119 68.8534668388
0.376756313583 36.9902569615
0.422082416691 57.193803757
0.472861528943 30.0404382024
0.529749680898 22.1270939571
0.593481827626 23.671875163
0.664881343817 19.7368440262
0.744870661203 11.479058741
0.834483185732 7.87506748521
0.934876648442 12.3889216233
1.04734806254 9.88246756217
1.17335047992 5.38515089321
1.31451176353 7.46295781133
1.47265561828 4.96989551492
1.64982515199 4.49862144499
1.84830927091 3.47986724553
2.07067225082 3.20701737474
2.31978686565 2.80574620824
2.59887150172 2.303162842
2.91153173701 1.77344795379
3.26180692274 1.80558732985
3.65422236893 1.50136238005
4.09384780825 1.41446703505
4.5863628934 1.05897370667
5.13813057427 0.821490686994
5.75627930276 0.732167569252
6.44879512742 0.601951985799
7.22462486758 0.42195321796
8.09379169998 0.36027316576
9.06752465124 0.219811202932
10.158403669 0.191338635163
11.3805221458 0.145959493013
12.7496689965 0.140310174546
14.2835326391 0.100476966903
16.0019295175 0.0672648050496
17.9270601154 0.0321383904098
20.0837957716 0.0185692889939
22.5 -0.0169282934918
