0.0767973856209 25.9994349848
0.0860365837275 25.5951597046
0.096387314225 13.1857957033
0.1079833013 12.4518579551
0.120974356983 13.3503788585
0.135528316613 6.65445836806
0.151833207152 6.86330539704
0.170099676365 7.60362794787
0.190563714236 4.81292958291
0.213489701801 6.83310227163
0.239173826758 3.79714477045
0.267947910009 3.07204613987
0.300183692553 3.77453010768
0.336297638119 3.23062205022
0.376756313583 2.68182735393
0.422082416691 2.40687090054
0.472861528943 1.98363992499
0.529749680898 1.77705568325
0.593481827626 1.62324936095
0.664881343817 1.50673768862
0.744870661203 1.24897175958
0.834483185732 1.22248660349
0.934876648442 1.08072505704
1.04734806254 0.936830890224
1.17335047992 0.821770319725
1.31451176353 0.732798434236
1.47265561828 0.704357000509
1.64982515199 0.574217537245
1.84830927091 0.530660743637
2.07067225082 0.445585985928
2.31978686565 0.40171812901
2.59887150172 0.363934350797
2.91153173701 0.328252570808
3.26180692274 0.27580091063
3.65422236893 0.247817159058
4.09384780825 0.218981421125
4.5863628934 0.185088005504
5.13813057427 0.157378482109
5.75627930276 0.135199076084
6.44879512742 0.108613233676
7.22462486758 0.0887541593936
8.09379169998 0.06619937676
9.06752465124 0.0511772506488
10.158403669 0.0426208455158
11.3805221458 0.0354953166814
12.7496689965 0.027965616929
14.2835326391 0.0154065248383
16.0019295175 0.00781068696459
17.9270601154 0.00271668105152
20.0837957716 -0.00224638205285
22.5 -0.00931527109447
