0.0767973856209 145.484898229
0.0860365837275 66.9833398322
0.096387314225 55.7439673739
0.1079833013 46.381009994
0.120974356983 39.4336704173
0.135528316613 33.7476401125
0.151833207152 27.6015918439
0.170099676365 23.8451744165
0.190563714236 20.0609859141
0.213489701801 16.670107008
0.239173826758 14.5489727074
0.267947910009 12.4449971139
0.300183692553 10.60799721
0.336297638119 9.31509918006
0.376756313583 7.9609775751
0.422082416691 6.95995977144
0.472861528943 6.02524883195
0.529749680898 5.22665832627
0.593481827626 4.49455841908
0.664881343817 3.9258842539
0.744870661203 3.43910578568
0.834483185732 2.99741148876
0.934876648442 2.63686108304
1.04734806254 2.32175758249
1.17335047992 2.02644131975
1.31451176353 1.77393706496
1.47265561828 1.54531654206
1.64982515199 1.35167508316
1.84830927091 1.17842775324
2.07067225082 1.03038336693
2.31978686565 0.902184010787
2.59887150172 0.785476854852
2.91153173701 0.683325809362
3.26180692274 0.590637083103
3.65422236893 0.514998355865
4.09384780825 0.440348798639
4.5863628934 0.376643197176
5.13813057427 0.315225882494
5.75627930276 0.263517680512
6.44879512742 0.212096932298
7.22462486758 0.166513599953
8.09379169998 0.130633157084
9.06752465124 0.0957879142193
10.158403669 0.0700484220345
11.3805221458 0.0554377074843
12.7496689965 0.0425613583554
14.2835326391 0.0289677678565
16.0019295175 0.0165734030619
17.9270601154 0.0055679927847
20.0837957716 -0.00586072480216
22.5 -0.014641760656
