0.0767973856209 168.050900536
0.0860365837275 84.896517628
0.096387314225 68.5968536516
0.1079833013 58.6340630697
0.120974356983 47.4494328301
0.135528316613 40.3549109597
0.151833207152 33.5337077176
0.170099676365 29.2454736996
0.190563714236 23.8592515441
0.213489701801 20.6949819174
0.239173826758 17.5517254849
0.267947910009 15.0862887622
0.300183692553 12.8794712039
0.336297638119 11.1388841239
0.376756313583 9.53205344139
0.422082416691 8.28166412011
0.472861528943 7.11800579074
0.529749680898 6.12424554599
0.593481827626 5.28899092081
0.664881343817 4.55767443317
0.744870661203 3.97332400613
0.834483185732 3.48448288684
0.934876648442 3.03411901935
1.04734806254 2.68640399282
1.17335047992 2.3459828198
1.31451176353 2.03212001916
1.47265561828 1.76176075167
1.64982515199 1.53489687112
1.84830927091 1.34776497897
2.07067225082 1.17563846464
2.31978686565 1.02027527062
2.59887150172 0.892128309823
2.91153173701 0.775884446904
3.26180692274 0.671464370129
3.65422236893 0.58209493985
4.09384780825 0.497211993687
4.5863628934 0.423338933868
5.13813057427 0.355326795823
5.75627930276 0.297164938915
6.44879512742 0.240993007676
7.22462486758 0.189174349488
8.09379169998 0.149174051464
9.06752465124 0.109496982074
10.158403669 0.0809729489076
11.3805221458 0.0634821990017
12.7496689965 0.0479801659184
14.2835326391 0.0328273599688
16.0019295175 0.0191992146941
17.9270601154 0.00680367268081
20.0837957716 -0.00623543058917
22.5 -0.0160298531907
