0.0767973856209 495.341016147
0.0860365837275 435.525953486
0.096387314225 495.729425083
0.1079833013 308.1133597
0.120974356983 250.246232118
0.135528316613 200.021224894
0.151833207152 221.391035119
0.170099676365 224.948296463
0.190563714236 119.520290486
0.213489701801 78.9994095199
0.239173826758 92.4708983786
0.267947910009 85.7081001616
0.300183692553 66.8331821385
0.336297638119 63.323662194
0.376756313583 49.9452855838
0.422082416691 46.3235951257
0.472861528943 38.4410850893
0.529749680898 24.0583360399
0.593481827626 20.0133044402
0.664881343817 19.0522431266
0.744870661203 17.7008665761
0.834483185732 13.7352492807
0.934876648442 10.7045588198
1.04734806254 10.3248457139
1.17335047992 7.08861443186
1.31451176353 7.20051096754
1.47265561828 5.82451839679
1.64982515199 4.72028612446
1.84830927091 3.95762880815
2.07067225082 3.31493908339
2.31978686565 2.77694911915
2.59887150172 2.63644484737
2.91153173701 2.07734120161
3.26180692274 1.97206772254
3.65422236893 1.55584137194
4.09384780825 1.35499542253
4.5863628934 1.19818875122
5.13813057427 0.954386140604
5.75627930276 0.759596922118
6.44879512742 0.608849866669
7.22462486758 0.416548417829
8.09379169998 0.326026799456
9.06752465124 0.205364523831
10.158403669 0.179847901001
11.3805221458 0.160765744592
12.7496689965 0.128504711833
14.2835326391 0.0901465249688
16.0019295175 0.0609795859992
17.9270601154 0.0368795587717
20.0837957716 -0.00465403662191
22.5 -0.0270057081367
