0.0767973856209 1538.999361
0.0860365837275 631.05842662
0.096387314225 3595.14378442
0.1079833013 638.391548589
0.120974356983 453.733266425
0.135528316613 484.107311905
0.151833207152 -1.0
0.170099676365 162.578503889
0.190563714236 638.850857507
0.213489701801 329.952673083
0.239173826758 234.372504368
0.267947910009 333.792375578
0.300183692553 237.103288754
0.336297638119 73.0855119768
0.376756313583 179.649316711
0.422082416691 127.477228151
0.472861528943 78.9510269236
0.529749680898 55.8609198969
0.593481827626 41.3649894491
0.664881343817 52.4120028924
0.744870661203 30.1683685259
0.834483185732 26.0158436343
0.934876648442 19.1988953314
1.04734806254 17.2195204011
1.17335047992 14.947896413
1.31451176353 10.3420939712
1.47265561828 8.20080787949
1.64982515199 7.24671079792
1.84830927091 7.67005157089
2.07067225082 5.03009630783
2.31978686565 3.90124069086
2.59887150172 3.99929507665
2.91153173701 3.15893653428
3.26180692274 2.39859620422
3.65422236893 1.84603920163
4.09384780825 1.40544523935
4.5863628934 1.25734904731
5.13813057427 0.819079846814
5.75627930276 0.844559019099
6.44879512742 0.624045598494
7.22462486758 0.459248675076
8.09379169998 0.400706031202
9.06752465124 0.276403350211
10.158403669 0.205757428844
11.3805221458 0.213378922497
12.7496689965 0.0917508876404
14.2835326391 0.0545130509867
16.0019295175 0.046062614446
17.9270601154 0.055917909232
20.0837957716 -0.0214044372005
22.5 -0.0456949038892
