0.0767973856209 124.435369431
0.0928056261447 -1.0
0.11215074803 45.4714217878
0.135528316613 -1.0
0.163778886246 -1.0
0.197918222925 7.45541903253
0.239173826758 -1.0
0.289029067464 4.42997605406
0.349276519808 2.07690654881
0.422082416691 2.48707022494
0.510064537341 2.95191032316
0.616386331115 1.79919714023
0.744870661203 2.17234106612
0.90013725794 1.24701658539
1.08776882395 1.13910425444
1.31451176353 0.760471050564
1.58851875364 0.86431930177
1.9196418782 0.566096579427
2.31978686565 0.459798873158
2.80334116648 0.33303831983
3.38769126252 0.244335162209
4.09384780825 0.309890095315
4.94720108131 0.205685428649
5.97843390504 0.17927085679
7.22462486758 0.112220292451
8.7305815045 0.0658356227648
10.5504513804 0.0481068722231
12.7496689965 0.0415676549848
15.4073085274 0.008871094561
18.6189269795 0.00719423227668
22.5 -0.00573258253489
