0.0767973856209 36.3202764545
0.0928056261447 17.505813166
0.11215074803 11.6613029654
0.135528316613 9.47572635473
0.163778886246 8.92674011602
0.197918222925 6.20792315508
0.239173826758 5.42289366208
0.289029067464 4.72252688773
0.349276519808 3.72130246567
0.422082416691 2.78277253368
0.510064537341 2.39444993354
0.616386331115 1.91585394958
0.744870661203 1.59109068457
0.90013725794 1.30700857834
1.08776882395 1.05804080101
1.31451176353 0.890124840577
1.58851875364 0.727658790736
1.9196418782 0.584774564391
2.31978686565 0.478860451927
2.80334116648 0.389728786273
3.38769126252 0.311680586346
4.09384780825 0.244689339427
4.94720108131 0.190365773945
5.97843390504 0.137431239519
7.22462486758 0.0969963540583
8.7305815045 0.0643243356202
10.5504513804 0.0399279184363
12.7496689965 0.0255322660117
15.4073085274 0.0132592317156
18.6189269795 0.00185465286008
22.5 -0.00712826653898
