0.0767973856209 30.6563663001
0.0928056261447 14.6582085696
0.11215074803 10.5628981568
0.135528316613 7.87881672824
0.163778886246 7.13781261504
0.197918222925 5.6464654592
0.239173826758 4.49850503013
0.289029067464 3.83904538988
0.349276519808 3.08730179879
0.422082416691 2.57239026791
0.510064537341 2.17015214387
0.616386331115 1.74814637331
0.744870661203 1.44435687807
0.90013725794 1.15660756949
1.08776882395 0.974380509062
1.31451176353 0.802907963454
1.58851875364 0.657992154738
1.9196418782 0.543667964272
2.31978686565 0.434030973941
2.80334116648 0.354899571143
3.38769126252 0.283835102995
4.09384780825 0.226487868086
4.94720108131 0.176006696709
5.97843390504 0.127294251889
7.22462486758 0.090904340159
8.7305815045 0.0608224885462
10.5504513804 0.0387517433388
12.7496689965 0.0242301123311
15.4073085274 0.0119287529371
18.6189269795 0.00232683665092
22.5 -0.00721974926693
