0.0767973856209 41.3639884487
0.0860365837275 28.8068946139
0.096387314225 25.498212597
0.1079833013 17.8454457918
0.120974356983 17.7639508178
0.135528316613 6.62563602425
0.151833207152 9.8466569054
0.170099676365 3.82131775834
0.190563714236 3.80046852135
0.213489701801 6.80360725631
0.239173826758 3.16242577658
0.267947910009 4.18053230321
0.300183692553 3.56161128519
0.336297638119 2.61853484765
0.376756313583 3.25957072836
0.422082416691 2.40806752849
0.472861528943 2.23174260039
0.529749680898 2.22415175821
0.593481827626 1.61084913385
0.664881343817 2.10009498495
0.744870661203 1.49185829026
0.834483185732 1.36838029927
0.934876648442 1.19550826761
1.04734806254 0.879509428773
1.17335047992 0.891946339424
1.31451176353 0.905494153246
1.47265561828 0.716266009857
1.64982515199 0.649663461876
1.84830927091 0.590369179542
2.07067225082 0.522341572665
2.31978686565 0.481468300979
2.59887150172 0.432668499667
2.91153173701 0.372518387148
3.26180692274 0.320470550157
3.65422236893 0.283210124413
4.09384780825 0.244003421877
4.5863628934 0.206992942892
5.13813057427 0.188674786841
5.75627930276 0.149859560319
6.44879512742 0.118640697227
7.22462486758 0.0978829786889
8.09379169998 0.0721963724374
9.06752465124 0.0554307499811
10.158403669 0.0402558058702
11.3805221458 0.0318498725879
12.7496689965 0.0246403783534
14.2835326391 0.0155840495064
16.0019295175 0.00903104345411
17.9270601154 0.0017368125983
20.0837957716 -0.00432151357179
22.5 -0.00810208099123
