0.0767973856209 -1.0
0.0928056261447 43.3298098982
0.11215074803 11.5597867307
0.135528316613 -1.0
0.163778886246 -1.0
0.197918222925 8.14095206744
0.239173826758 0.294934590809
0.289029067464 4.13644052598
0.349276519808 3.15796295407
0.422082416691 3.47662389297
0.510064537341 2.20423707268
0.616386331115 2.4800671387
0.744870661203 1.44354892167
0.90013725794 1.13769256427
1.08776882395 0.789461333027
1.31451176353 0.903203309903
1.58851875364 0.608841029744
1.9196418782 0.467661012207
2.31978686565 0.305666798357
2.80334116648 0.301990375291
3.38769126252 0.307853845117
4.09384780825 0.190146480672
4.94720108131 0.137215819166
5.97843390504 0.124310280138
7.22462486758 0.0740366713763
8.7305815045 0.0620236770542
10.5504513804 0.0425368705396
12.7496689965 0.0288256005619
15.4073085274 0.0160294103617
18.6189269795 0.00530200128609
22.5 -0.00225798262638
