0.0767973856209 36.8197893568
0.0860365837275 15.7163122201
0.096387314225 14.2853285679
0.1079833013 5.03937655294
0.120974356983 15.7512241745
0.135528316613 12.7462517216
0.151833207152 5.30027652756
0.170099676365 6.72540850073
0.190563714236 5.26348641099
0.213489701801 4.07977499052
0.239173826758 4.55803086241
0.267947910009 3.42719663512
0.300183692553 3.16066107152
0.336297638119 3.11867647861
0.376756313583 2.91032620213
0.422082416691 2.26642470487
0.472861528943 2.21490013924
0.529749680898 1.95138327967
0.593481827626 1.75381977321
0.664881343817 1.43455221193
0.744870661203 1.43616831088
0.834483185732 1.18929900968
0.934876648442 1.14241842178
1.04734806254 1.01348324253
1.17335047992 0.913547269001
1.31451176353 0.835971460668
1.47265561828 0.67121974228
1.64982515199 0.602591672258
1.84830927091 0.532724251895
2.07067225082 0.480204843391
2.31978686565 0.417470530155
2.59887150172 0.380798901904
2.91153173701 0.324261767881
3.26180692274 0.287476712923
3.65422236893 0.238532855762
4.09384780825 0.204814944918
4.5863628934 0.176325077096
5.13813057427 0.151202654046
5.75627930276 0.126277903585
6.44879512742 0.106289813028
7.22462486758 0.0842196436541
8.09379169998 0.0683203053887
9.06752465124 0.0536052329715
10.158403669 0.0390631433547
11.3805221458 0.0308807557414
12.7496689965 0.0231777623567
14.2835326391 0.0152986570804
16.0019295175 0.00735644651924
17.9270601154 0.00266600223276
20.0837957716 -0.00297567451276
22.5 -0.00823556703211
