0.0767973856209 30.4602856507
0.0928056261447 15.8501547186
0.11215074803 11.4769145011
0.135528316613 9.25429709836
0.163778886246 7.41774982862
0.197918222925 5.83214037195
0.239173826758 4.83049051406
0.289029067464 4.08446488397
0.349276519808 3.24246195222
0.422082416691 2.5769652327
0.510064537341 2.15904948818
0.616386331115 1.76909741734
0.744870661203 1.47366949856
0.90013725794 1.1887062859
1.08776882395 1.01765825116
1.31451176353 0.833300391319
1.58851875364 0.674719760574
1.9196418782 0.552697330878
2.31978686565 0.439092984215
2.80334116648 0.361119030361
3.38769126252 0.289973537648
4.09384780825 0.228687739872
4.94720108131 0.175464348363
5.97843390504 0.128174965475
7.22462486758 0.0914821551678
8.7305815045 0.0615916898817
10.5504513804 0.0388940692926
12.7496689965 0.0247764810538
15.4073085274 0.0122299692221
18.6189269795 0.00225058741428
22.5 -0.00674065535019
