0.0767973856209 30.4659681933
0.0860365837275 24.267510927
0.096387314225 14.5741513367
0.1079833013 11.7803318967
0.120974356983 3.84764373855
0.135528316613 7.18811897316
0.151833207152 10.9532219997
0.170099676365 9.02693143419
0.190563714236 5.51102464118
0.213489701801 6.71770054775
0.239173826758 4.6456274378
0.267947910009 4.01894068564
0.300183692553 3.40232770199
0.336297638119 2.6668452004
0.376756313583 2.39020346589
0.422082416691 2.32418216444
0.472861528943 2.23675190364
0.529749680898 1.9730744188
0.593481827626 1.62765510005
0.664881343817 1.7557206197
0.744870661203 1.36221521029
0.834483185732 1.28184623233
0.934876648442 1.05218598532
1.04734806254 0.960951575657
1.17335047992 0.870786625896
1.31451176353 0.745658177214
1.47265561828 0.658029413461
1.64982515199 0.566195095335
1.84830927091 0.539815651667
2.07067225082 0.480328582577
2.31978686565 0.426284011648
2.59887150172 0.376612705644
2.91153173701 0.327645112607
3.26180692274 0.291961202476
3.65422236893 0.261944009489
4.09384780825 0.222875736562
4.5863628934 0.19208209332
5.13813057427 0.16853459106
5.75627930276 0.134867703982
6.44879512742 0.115040041524
7.22462486758 0.0950557283035
8.09379169998 0.0703828930573
9.06752465124 0.0577574508937
10.158403669 0.043558248023
11.3805221458 0.0336973537366
12.7496689965 0.0254072022859
14.2835326391 0.0145271714349
16.0019295175 0.0099109765711
17.9270601154 0.00337331606912
20.0837957716 -0.00397881536141
22.5 -0.00945341374815
