0.0767973856209 30.0476495238
0.0860365837275 15.8247765665
0.096387314225 13.2377021343
0.1079833013 11.4418186989
0.120974356983 10.4916655635
0.135528316613 9.32501684211
0.151833207152 7.7962435726
0.170099676365 6.812936378
0.190563714236 5.71292253286
0.213489701801 5.42601625922
0.239173826758 4.58134829234
0.267947910009 4.20327676226
0.300183692553 3.6156640652
0.336297638119 3.33822775156
0.376756313583 2.87664036118
0.422082416691 2.57415993081
0.472861528943 2.23915046681
0.529749680898 2.05818381214
0.593481827626 1.79430534697
0.664881343817 1.5892829644
0.744870661203 1.42518086997
0.834483185732 1.27737852154
0.934876648442 1.14530427226
1.04734806254 1.04991501686
1.17335047992 0.91784295352
1.31451176353 0.828063344212
1.47265561828 0.727835572818
1.64982515199 0.636639517579
1.84830927091 0.57217001139
2.07067225082 0.500994135618
2.31978686565 0.436394286424
2.59887150172 0.383763677472
2.91153173701 0.340299899817
3.26180692274 0.300896927241
3.65422236893 0.261070241134
4.09384780825 0.227853425696
4.5863628934 0.194971424877
5.13813057427 0.163620343902
5.75627930276 0.133504168104
6.44879512742 0.107980550734
7.22462486758 0.0852484167201
8.09379169998 0.0666969380292
9.06752465124 0.0516726665685
10.158403669 0.0391312400048
11.3805221458 0.0303439908617
12.7496689965 0.023542452879
14.2835326391 0.0160204345914
16.0019295175 0.0084616172665
17.9270601154 0.00247393112884
20.0837957716 -0.00289944380413
22.5 -0.0085124020581
