0.0767973856209 412.594071035
0.0860365837275 185.774157867
0.096387314225 154.663901556
0.1079833013 134.80141977
0.120974356983 103.979939494
0.135528316613 98.2996674697
0.151833207152 80.7723933545
0.170099676365 65.8419466848
0.190563714236 61.3094106117
0.213489701801 56.1119096299
0.239173826758 39.7536567449
0.267947910009 32.717905606
0.300183692553 26.6217411896
0.336297638119 23.1891179718
0.376756313583 18.4622342616
0.422082416691 15.2143051901
0.472861528943 14.3109625371
0.529749680898 11.8894040876
0.593481827626 10.2385707238
0.664881343817 8.46619931256
0.744870661203 7.03202651813
0.834483185732 6.39471335536
0.934876648442 5.48288338054
1.04734806254 4.62979301957
1.17335047992 4.08310090353
1.31451176353 3.36379598207
1.47265561828 2.95083141259
1.64982515199 2.50430650068
1.84830927091 2.14806106809
2.07067225082 1.77731361891
2.31978686565 1.57208445755
2.59887150172 1.38525724587
2.91153173701 1.17110789158
3.26180692274 0.98517580259
3.65422236893 0.848961987022
4.09384780825 0.73336387476
4.5863628934 0.633408992621
5.13813057427 0.529590375017
5.75627930276 0.432766863233
6.44879512742 0.338506620761
7.22462486758 0.267182243008
8.09379169998 0.220521016677
9.06752465124 0.151094463495
10.158403669 0.11298419387
11.3805221458 0.0950161779244
12.7496689965 0.0744967279801
14.2835326391 0.0491462980694
16.0019295175 0.0275505461999
17.9270601154 0.0107434628608
20.0837957716 -0.00523971660812
22.5 -0.020602240751
