0.0767973856209 31.3466693559
0.0860365837275 17.8037043185
0.096387314225 14.6125548405
0.1079833013 12.9884325964
0.120974356983 11.0536425475
0.135528316613 9.32045426503
0.151833207152 8.38023020471
0.170099676365 7.27027715994
0.190563714236 6.24596709344
0.213489701801 5.58138136134
0.239173826758 4.95487528761
0.267947910009 4.40978118349
0.300183692553 3.95597420284
0.336297638119 3.4687644906
0.376756313583 3.07565801743
0.422082416691 2.69413015696
0.472861528943 2.41339011312
0.529749680898 2.17019268565
0.593481827626 1.92598842713
0.664881343817 1.70157108081
0.744870661203 1.53036503466
0.834483185732 1.35530919291
0.934876648442 1.21507479289
1.04734806254 1.07818417241
1.17335047992 0.961499988644
1.31451176353 0.848146571255
1.47265561828 0.759290843818
1.64982515199 0.673996877968
1.84830927091 0.597757164595
2.07067225082 0.528946978845
2.31978686565 0.464225304323
2.59887150172 0.405681544654
2.91153173701 0.354592973921
3.26180692274 0.308736810392
3.65422236893 0.265520291101
4.09384780825 0.230057582705
4.5863628934 0.196649957901
5.13813057427 0.165484559686
5.75627930276 0.138351024061
6.44879512742 0.11125017606
7.22462486758 0.0901312350599
8.09379169998 0.0724103773726
9.06752465124 0.0548150019577
10.158403669 0.0407972474816
11.3805221458 0.0317014696697
12.7496689965 0.0238224861575
14.2835326391 0.0161103290179
16.0019295175 0.00849690783441
17.9270601154 0.00293995849401
20.0837957716 -0.00277671811296
22.5 -0.00798991140551
