0.0767973856209 355.517751761
0.0860365837275 185.120207014
0.096387314225 159.235078343
0.1079833013 146.403082683
0.120974356983 128.058634126
0.135528316613 113.027778347
0.151833207152 84.7748256137
0.170099676365 76.9568086823
0.190563714236 59.7389877082
0.213489701801 51.1734562914
0.239173826758 40.9504157098
0.267947910009 34.3074574642
0.300183692553 28.5791360823
0.336297638119 24.5473584781
0.376756313583 20.785543157
0.422082416691 17.0657410342
0.472861528943 14.2232422289
0.529749680898 12.281618495
0.593481827626 10.6543527815
0.664881343817 9.16168537087
0.744870661203 7.387423468
0.834483185732 6.52315021718
0.934876648442 5.71334303671
1.04734806254 4.83000480963
1.17335047992 4.2454873746
1.31451176353 3.5655416497
1.47265561828 3.03079095821
1.64982515199 2.59968088678
1.84830927091 2.19686027443
2.07067225082 1.89406018835
2.31978686565 1.63844605652
2.59887150172 1.43347773489
2.91153173701 1.2170736131
3.26180692274 1.04680416274
3.65422236893 0.900826290606
4.09384780825 0.754351417924
4.5863628934 0.654534928226
5.13813057427 0.542858361824
5.75627930276 0.457378825379
6.44879512742 0.362883158235
7.22462486758 0.288805031366
8.09379169998 0.226802011107
9.06752465124 0.165893387166
10.158403669 0.125555253117
11.3805221458 0.105735986729
12.7496689965 0.0796730527291
14.2835326391 0.05406545922
16.0019295175 0.030659898168
17.9270601154 0.00905429042163
20.0837957716 -0.0125612814306
22.5 -0.025835612437
