0.0767973856209 139.73664743
0.0860365837275 71.5251550013
0.096387314225 59.8404603999
0.1079833013 50.066131836
0.120974356983 41.8959266255
0.135528316613 35.0885772064
0.151833207152 29.7818841784
0.170099676365 24.7986812892
0.190563714236 21.2972081418
0.213489701801 18.0788416129
0.239173826758 15.0462484456
0.267947910009 12.9998361092
0.300183692553 11.2097594692
0.336297638119 9.60583582086
0.376756313583 8.21250596033
0.422082416691 7.05046331293
0.472861528943 6.06833652319
0.529749680898 5.27588578873
0.593481827626 4.57694444044
0.664881343817 3.99663918809
0.744870661203 3.49980979272
0.834483185732 3.07559131751
0.934876648442 2.69681529975
1.04734806254 2.35583512042
1.17335047992 2.06539950429
1.31451176353 1.79162374326
1.47265561828 1.56403737974
1.64982515199 1.36976282621
1.84830927091 1.19547487004
2.07067225082 1.0340611623
2.31978686565 0.903690399681
2.59887150172 0.789175498049
2.91153173701 0.691096462252
3.26180692274 0.598387720607
3.65422236893 0.52221821786
4.09384780825 0.446951889146
4.5863628934 0.380669740502
5.13813057427 0.319867048747
5.75627930276 0.264631303281
6.44879512742 0.210677408601
7.22462486758 0.166861925515
8.09379169998 0.131572789042
9.06752465124 0.0960496611649
10.158403669 0.0709967966177
11.3805221458 0.055263237576
12.7496689965 0.041597528926
14.2835326391 0.028295333853
16.0019295175 0.0162369354004
17.9270601154 0.00560527066959
20.0837957716 -0.00463173130954
22.5 -0.0135705765089
