0.0767973856209 549.532737118
0.0860365837275 276.770391084
0.096387314225 270.857016524
0.1079833013 197.499694772
0.120974356983 152.089508476
0.135528316613 133.955049254
0.151833207152 127.900150243
0.170099676365 90.673383066
0.190563714236 82.2562126506
0.213489701801 66.7180067568
0.239173826758 53.6850852235
0.267947910009 42.4475240195
0.300183692553 37.2796815956
0.336297638119 30.9182499198
0.376756313583 26.5558084176
0.422082416691 22.8279245678
0.472861528943 18.4023373842
0.529749680898 15.899263187
0.593481827626 12.9907641339
0.664881343817 11.6724087679
0.744870661203 9.61088635525
0.834483185732 7.75575697386
0.934876648442 6.89953594518
1.04734806254 5.96862250507
1.17335047992 5.17875214887
1.31451176353 4.31032614204
1.47265561828 3.7035815136
1.64982515199 3.13484419467
1.84830927091 2.72051938239
2.07067225082 2.2816153435
2.31978686565 1.98234638108
2.59887150172 1.7292381452
2.91153173701 1.49680678798
3.26180692274 1.2521307401
3.65422236893 1.07682935775
4.09384780825 0.895506362203
4.5863628934 0.760326024646
5.13813057427 0.632695691039
5.75627930276 0.525595562489
6.44879512742 0.402183465262
7.22462486758 0.31339359916
8.09379169998 0.248949705982
9.06752465124 0.181839583318
10.158403669 0.143584570839
11.3805221458 0.120748778777
12.7496689965 0.0943053641034
14.2835326391 0.0637782003061
16.0019295175 0.0378290195804
17.9270601154 0.0147488417091
20.0837957716 -0.0102677156101
22.5 -0.0262004272214
