0.0767973856209 32.5831966525
0.0860365837275 17.6873770398
0.096387314225 14.7455279051
0.1079833013 13.1723202952
0.120974356983 11.1034504519
0.135528316613 9.7039861373
0.151833207152 8.50533333372
0.170099676365 7.30279086129
0.190563714236 6.55588163666
0.213489701801 5.66838277948
0.239173826758 5.01520724615
0.267947910009 4.51073001774
0.300183692553 3.89535990791
0.336297638119 3.44728503292
0.376756313583 3.08239722835
0.422082416691 2.70634924041
0.472861528943 2.4213208066
0.529749680898 2.16614532212
0.593481827626 1.91011042867
0.664881343817 1.69025067438
0.744870661203 1.51295672888
0.834483185732 1.34308676943
0.934876648442 1.19569842979
1.04734806254 1.06645552677
1.17335047992 0.951128420279
1.31451176353 0.845607932601
1.47265561828 0.748086222586
1.64982515199 0.662892294745
1.84830927091 0.586252012136
2.07067225082 0.518018784137
2.31978686565 0.454135133343
2.59887150172 0.397568683206
2.91153173701 0.350598595581
3.26180692274 0.306872373843
3.65422236893 0.268172539872
4.09384780825 0.231322280182
4.5863628934 0.19687433195
5.13813057427 0.165883324622
5.75627930276 0.136461663346
6.44879512742 0.110112525237
7.22462486758 0.0889163332659
8.09379169998 0.070902185834
9.06752465124 0.0525938251488
10.158403669 0.038312338892
11.3805221458 0.029322098269
12.7496689965 0.0215769694164
14.2835326391 0.0136129794096
16.0019295175 0.00731265241246
17.9270601154 0.00209547613868
20.0837957716 -0.00268970416965
22.5 -0.00864983733224
