0.0767973856209 164.805764011
0.0860365837275 76.3523860303
0.096387314225 66.3892676216
0.1079833013 55.4278959346
0.120974356983 45.3261763855
0.135528316613 38.8637218363
0.151833207152 31.6434119939
0.170099676365 26.5722231925
0.190563714236 21.8719310024
0.213489701801 18.7665196973
0.239173826758 15.5941408775
0.267947910009 13.436208289
0.300183692553 11.1296645721
0.336297638119 9.52109666827
0.376756313583 8.21790573988
0.422082416691 7.10771813483
0.472861528943 6.07693529411
0.529749680898 5.23731378232
0.593481827626 4.56056932203
0.664881343817 3.9708472755
0.744870661203 3.45897042149
0.834483185732 3.01910281238
0.934876648442 2.64326032212
1.04734806254 2.30479639086
1.17335047992 2.0124370491
1.31451176353 1.77292744253
1.47265561828 1.53193447453
1.64982515199 1.33494667677
1.84830927091 1.15844610362
2.07067225082 0.99738651373
2.31978686565 0.879315291206
2.59887150172 0.770284331339
2.91153173701 0.670065870869
3.26180692274 0.580293110234
3.65422236893 0.503632939199
4.09384780825 0.429819517982
4.5863628934 0.365265737048
5.13813057427 0.306533659946
5.75627930276 0.250949275511
6.44879512742 0.200871431909
7.22462486758 0.159571433112
8.09379169998 0.126082581338
9.06752465124 0.0933272983304
10.158403669 0.0692666842312
11.3805221458 0.0552302468937
12.7496689965 0.0411729528729
14.2835326391 0.027847273107
16.0019295175 0.015805761419
17.9270601154 0.00452648483115
20.0837957716 -0.00570771017727
22.5 -0.0145862830911
