0.0767973856209 37.3906742405
0.0860365837275 20.970276259
0.096387314225 17.9515361329
0.1079833013 15.4029970425
0.120974356983 13.2694646772
0.135528316613 11.8036030996
0.151833207152 9.95992149712
0.170099676365 8.86498262371
0.190563714236 7.59006671146
0.213489701801 6.36989100251
0.239173826758 5.70458033424
0.267947910009 4.93067222315
0.300183692553 4.28765643642
0.336297638119 3.787034999
0.376756313583 3.35862577668
0.422082416691 2.93890085513
0.472861528943 2.63432972722
0.529749680898 2.35568347723
0.593481827626 2.05222025814
0.664881343817 1.82464108119
0.744870661203 1.61374452203
0.834483185732 1.44250623573
0.934876648442 1.28369473687
1.04734806254 1.14097981415
1.17335047992 1.00915182773
1.31451176353 0.89283765626
1.47265561828 0.781726969568
1.64982515199 0.689836681123
1.84830927091 0.611539473043
2.07067225082 0.537543224882
2.31978686565 0.471147043962
2.59887150172 0.416702198573
2.91153173701 0.363065442984
3.26180692274 0.318580452157
3.65422236893 0.278936295011
4.09384780825 0.241946327345
4.5863628934 0.205629514901
5.13813057427 0.173018182932
5.75627930276 0.142947063043
6.44879512742 0.116593145777
7.22462486758 0.0941188428351
8.09379169998 0.0748262566946
9.06752465124 0.0560703931577
10.158403669 0.042055430195
11.3805221458 0.0324881916968
12.7496689965 0.0240688161507
14.2835326391 0.0163098699508
16.0019295175 0.00824609325572
17.9270601154 0.00234419814537
20.0837957716 -0.00321583561172
22.5 -0.00898104116751
