0.0767973856209 1185.71223294
0.0860365837275 973.119192257
0.096387314225 -1.0
0.1079833013 491.71044623
0.120974356983 -1.0
0.135528316613 -1.0
0.151833207152 -1.0
0.170099676365 125.052397506
0.190563714236 -1.0
0.213489701801 190.272280181
0.239173826758 135.032246493
0.267947910009 256.988553539
0.300183692553 67.8052441672
0.336297638119 47.9340741153
0.376756313583 10.6005867407
0.422082416691 98.0036114055
0.472861528943 16.6027645743
0.529749680898 28.2110723883
0.593481827626 25.7104869421
0.664881343817 36.9928292821
0.744870661203 20.0158520217
0.834483185732 11.8112069638
0.934876648442 17.98185471
1.04734806254 11.9598421837
1.17335047992 7.44891589997
1.31451176353 7.74013457649
1.47265561828 6.76994541478
1.64982515199 5.76930202801
1.84830927091 5.87758056727
2.07067225082 3.68168602267
2.31978686565 3.47259759747
2.59887150172 2.67570366297
2.91153173701 2.31795825826
3.26180692274 1.71725508315
3.65422236893 1.31391842881
4.09384780825 1.51368751422
4.5863628934 1.03852287558
5.13813057427 0.939152742364
5.75627930276 0.779194074661
6.44879512742 0.607720823523
7.22462486758 0.459282207045
8.09379169998 0.482457041533
9.06752465124 0.274003227316
10.158403669 0.19013778374
11.3805221458 0.159989934629
12.7496689965 0.100374063778
14.2835326391 0.106174951838
16.0019295175 0.0778628551272
17.9270601154 0.0570928584679
20.0837957716 0.0189175948359
22.5 -0.034070987306
