0.0767973856209 119.19021888
0.0860365837275 62.388597371
0.096387314225 52.7358620199
0.1079833013 44.3019095039
0.120974356983 36.720211489
0.135528316613 31.4899408094
0.151833207152 25.8139337044
0.170099676365 21.9449028756
0.190563714236 18.2919867006
0.213489701801 15.8135312358
0.239173826758 13.2755103117
0.267947910009 11.2512007231
0.300183692553 9.68184818927
0.336297638119 8.25903453195
0.376756313583 7.1564925304
0.422082416691 6.11417618318
0.472861528943 5.30754545395
0.529749680898 4.60152848186
0.593481827626 4.0016143199
0.664881343817 3.50924445949
0.744870661203 3.08166542231
0.834483185732 2.7118293648
0.934876648442 2.37982917002
1.04734806254 2.07596829036
1.17335047992 1.80994574516
1.31451176353 1.58749577639
1.47265561828 1.38229955003
1.64982515199 1.20666781799
1.84830927091 1.05256231726
2.07067225082 0.915290423459
2.31978686565 0.805241475216
2.59887150172 0.703812778641
2.91153173701 0.616065133761
3.26180692274 0.537698483919
3.65422236893 0.466778052128
4.09384780825 0.400205673885
4.5863628934 0.341429284676
5.13813057427 0.287135672729
5.75627930276 0.236268276278
6.44879512742 0.18823034536
7.22462486758 0.148901143038
8.09379169998 0.117848832145
9.06752465124 0.0870099384266
10.158403669 0.0653227872791
11.3805221458 0.0507274159164
12.7496689965 0.0376434599289
14.2835326391 0.0250200108413
16.0019295175 0.0136818949554
17.9270601154 0.00398147100802
20.0837957716 -0.00472937536602
22.5 -0.0133060239266
