0.0767973856209 822.759787099
0.0860365837275 506.140776938
0.096387314225 720.353863821
0.1079833013 512.024608267
0.120974356983 -1.0
0.135528316613 647.720879528
0.151833207152 460.368257365
0.170099676365 130.24946375
0.190563714236 232.360518681
0.213489701801 264.544431793
0.239173826758 140.640776044
0.267947910009 116.523555595
0.300183692553 34.8210219671
0.336297638119 83.9193287053
0.376756313583 41.2760523923
0.422082416691 50.5427360502
0.472861528943 29.5475270152
0.529749680898 35.9330193863
0.593481827626 39.1725200006
0.664881343817 19.8784937405
0.744870661203 19.3193001565
0.834483185732 19.009108243
0.934876648442 15.9974402616
1.04734806254 10.5262692328
1.17335047992 10.1965123906
1.31451176353 6.53633929534
1.47265561828 5.77562264569
1.64982515199 5.25724983957
1.84830927091 4.21740139586
2.07067225082 3.29265435699
2.31978686565 2.90670569566
2.59887150172 2.66164856756
2.91153173701 2.10142843642
3.26180692274 1.6803761279
3.65422236893 1.68069936743
4.09384780825 1.34900244776
4.5863628934 1.25648606208
5.13813057427 0.940529291254
5.75627930276 0.811908267287
6.44879512742 0.655941392717
7.22462486758 0.438079168023
8.09379169998 0.323675895751
9.06752465124 0.248116220793
10.158403669 0.142460858234
11.3805221458 0.178014671298
12.7496689965 0.103353131644
14.2835326391 0.0816242793744
16.0019295175 0.0664159725306
17.9270601154 0.0422619667985
20.0837957716 0.0275163406963
22.5 -0.00221407161513
