0.0767973856209 42.8908480586
0.0928056261447 8.5653809859
0.11215074803 9.84048367962
0.135528316613 5.14278127454
0.163778886246 0.740409510408
0.197918222925 -0.0137935477301
0.239173826758 2.91185070225
0.289029067464 2.48331947804
0.349276519808 2.94765958703
0.422082416691 2.45710303747
0.510064537341 1.99607818243
0.616386331115 1.97103373106
0.744870661203 1.38655964232
0.90013725794 1.22246451051
1.08776882395 0.823701439773
1.31451176353 0.84800908409
1.58851875364 0.571720655636
1.9196418782 0.476438087604
2.31978686565 0.411118245728
2.80334116648 0.333382297169
3.38769126252 0.265500343396
4.09384780825 0.240964420637
4.94720108131 0.178369281503
5.97843390504 0.130098430369
7.22462486758 0.0971470587184
8.7305815045 0.0713134827214
10.5504513804 0.0415313093772
12.7496689965 0.0298718887132
15.4073085274 0.0165976930076
18.6189269795 0.00374420451826
22.5 -0.00574297729673
