0.0767973856209 36.67803726
0.0860365837275 19.2545842254
0.096387314225 17.7434792914
0.1079833013 15.0534630089
0.120974356983 12.7833855302
0.135528316613 11.3630660408
0.151833207152 9.64114731601
0.170099676365 8.61303900531
0.190563714236 7.31320040569
0.213489701801 6.65575376219
0.239173826758 5.62606036556
0.267947910009 4.83214836692
0.300183692553 4.24315346243
0.336297638119 3.70676375409
0.376756313583 3.33243175908
0.422082416691 2.93287519059
0.472861528943 2.59248779191
0.529749680898 2.34759794843
0.593481827626 2.05451049659
0.664881343817 1.81862806936
0.744870661203 1.59546468507
0.834483185732 1.42470804403
0.934876648442 1.25945565322
1.04734806254 1.12703690714
1.17335047992 0.9907882746
1.31451176353 0.884249286603
1.47265561828 0.774006800749
1.64982515199 0.680778109861
1.84830927091 0.605863893047
2.07067225082 0.532443201716
2.31978686565 0.469348697663
2.59887150172 0.414340823781
2.91153173701 0.362539408511
3.26180692274 0.317979615426
3.65422236893 0.277502123381
4.09384780825 0.238578114099
4.5863628934 0.202251947366
5.13813057427 0.170322890957
5.75627930276 0.140079866092
6.44879512742 0.113815377759
7.22462486758 0.0915512588314
8.09379169998 0.0722315389499
9.06752465124 0.0532043031561
10.158403669 0.0395455857599
11.3805221458 0.0301401489092
12.7496689965 0.0222833911555
14.2835326391 0.015097528594
16.0019295175 0.00710193002373
17.9270601154 0.0015537515611
20.0837957716 -0.0033652935941
22.5 -0.00892485172054
