0.0767973856209 30.3134214511
0.0860365837275 14.0511511334
0.096387314225 12.6370251094
0.1079833013 12.2443377576
0.120974356983 10.8668743617
0.135528316613 9.07487262262
0.151833207152 7.51573011384
0.170099676365 6.73720074218
0.190563714236 5.33756123732
0.213489701801 5.19410014352
0.239173826758 4.71047635757
0.267947910009 4.05099486363
0.300183692553 3.52914980938
0.336297638119 3.25339371591
0.376756313583 2.89910751247
0.422082416691 2.42962021891
0.472861528943 2.21533651701
0.529749680898 2.09756182548
0.593481827626 1.85124302135
0.664881343817 1.57640325426
0.744870661203 1.40709753805
0.834483185732 1.26282592003
0.934876648442 1.1534668523
1.04734806254 1.02826036982
1.17335047992 0.889156224788
1.31451176353 0.827084749709
1.47265561828 0.720961705929
1.64982515199 0.635354300071
1.84830927091 0.574355129891
2.07067225082 0.505497893336
2.31978686565 0.433413369674
2.59887150172 0.389696063307
2.91153173701 0.344921038597
3.26180692274 0.29644641123
3.65422236893 0.258902380644
4.09384780825 0.220225287575
4.5863628934 0.189464081601
5.13813057427 0.158999305628
5.75627930276 0.129260931822
6.44879512742 0.104949190297
7.22462486758 0.0826965808909
8.09379169998 0.0632414524207
9.06752465124 0.0492482482632
10.158403669 0.0377351943659
11.3805221458 0.028398102721
12.7496689965 0.0216859500263
14.2835326391 0.0145766424713
16.0019295175 0.00772876966415
17.9270601154 0.00202576465763
20.0837957716 -0.00246808786741
22.5 -0.00792716967294
