0.0767973856209 699.490149826
0.0860365837275 645.876294007
0.096387314225 612.408525227
0.1079833013 653.381332406
0.120974356983 309.262635813
0.135528316613 329.986722012
0.151833207152 312.862293147
0.170099676365 501.240229312
0.190563714236 217.283803094
0.213489701801 182.468712787
0.239173826758 119.445268131
0.267947910009 77.5219392766
0.300183692553 125.919448271
0.336297638119 96.4858911497
0.376756313583 70.8994996798
0.422082416691 68.3970914226
0.472861528943 48.3549940293
0.529749680898 41.4908260192
0.593481827626 32.504053486
0.664881343817 24.2296236438
0.744870661203 16.9432293022
0.834483185732 14.1243478181
0.934876648442 10.5967316646
1.04734806254 12.1482828343
1.17335047992 11.0713135826
1.31451176353 8.85470497296
1.47265561828 7.12657713435
1.64982515199 5.66641254927
1.84830927091 4.58931583755
2.07067225082 4.04234971295
2.31978686565 3.79613818311
2.59887150172 3.02904633624
2.91153173701 2.7612444854
3.26180692274 2.32394622543
3.65422236893 2.01688894449
4.09384780825 1.59393670606
4.5863628934 1.30884648768
5.13813057427 1.14316151199
5.75627930276 0.866922952987
6.44879512742 0.692330483346
7.22462486758 0.455221250583
8.09379169998 0.371384852035
9.06752465124 0.248673378052
10.158403669 0.207955889931
11.3805221458 0.176887650832
12.7496689965 0.111846108449
14.2835326391 0.0972362558801
16.0019295175 0.0551696661662
17.9270601154 0.0341698219935
20.0837957716 -0.00366657129853
22.5 -0.0379462247257
