0.0767973856209 28.6224802371
0.0860365837275 15.7862772346
0.096387314225 13.611499572
0.1079833013 11.9480362097
0.120974356983 10.1907824377
0.135528316613 8.90538325886
0.151833207152 7.78094821171
0.170099676365 6.76077832334
0.190563714236 6.12473049875
0.213489701801 5.36162318792
0.239173826758 4.71257536424
0.267947910009 4.06486625464
0.300183692553 3.68640363854
0.336297638119 3.26144142741
0.376756313583 2.91399682397
0.422082416691 2.52924918889
0.472861528943 2.28338646799
0.529749680898 2.04243556344
0.593481827626 1.81050036286
0.664881343817 1.61390720707
0.744870661203 1.44957813589
0.834483185732 1.28942819707
0.934876648442 1.15775265331
1.04734806254 1.02680738911
1.17335047992 0.910280163077
1.31451176353 0.814315342181
1.47265561828 0.725111634137
1.64982515199 0.640511213374
1.84830927091 0.565859423342
2.07067225082 0.499214484812
2.31978686565 0.439166517178
2.59887150172 0.383218182227
2.91153173701 0.333492886637
3.26180692274 0.292517602771
3.65422236893 0.252376861538
4.09384780825 0.21896852697
4.5863628934 0.18750492729
5.13813057427 0.158013479142
5.75627930276 0.132263328722
6.44879512742 0.10773006167
7.22462486758 0.0869494344808
8.09379169998 0.0697336806511
9.06752465124 0.0530413707357
10.158403669 0.0396018770318
11.3805221458 0.0310614259911
12.7496689965 0.0233680996428
14.2835326391 0.0158281344385
16.0019295175 0.00807471161252
17.9270601154 0.00281719766813
20.0837957716 -0.00283282747376
22.5 -0.00788752230443
