0.0767973856209 294.908710926
0.0860365837275 166.112100711
0.096387314225 128.56136929
0.1079833013 124.881271942
0.120974356983 98.3304063856
0.135528316613 82.8547209234
0.151833207152 68.163509553
0.170099676365 59.3259742792
0.190563714236 48.3061877197
0.213489701801 38.8076472577
0.239173826758 34.1885283344
0.267947910009 27.2076410741
0.300183692553 22.4891495657
0.336297638119 19.4884462693
0.376756313583 16.3130499523
0.422082416691 14.2287410647
0.472861528943 12.1894385189
0.529749680898 10.1100946893
0.593481827626 8.4092108156
0.664881343817 7.21789248673
0.744870661203 6.39077816274
0.834483185732 5.38427614899
0.934876648442 4.68537959913
1.04734806254 3.98092604627
1.17335047992 3.5094586709
1.31451176353 3.02900091315
1.47265561828 2.57322056918
1.64982515199 2.18502149156
1.84830927091 1.88795096195
2.07067225082 1.61375734737
2.31978686565 1.41655753111
2.59887150172 1.23800282399
2.91153173701 1.05289294333
3.26180692274 0.893743223306
3.65422236893 0.774363579297
4.09384780825 0.665088900745
4.5863628934 0.565428396849
5.13813057427 0.467992098476
5.75627930276 0.384431051983
6.44879512742 0.307783569903
7.22462486758 0.242111883947
8.09379169998 0.189591520919
9.06752465124 0.140580698271
10.158403669 0.10295429725
11.3805221458 0.0816313342249
12.7496689965 0.0618448366058
14.2835326391 0.0428898730598
16.0019295175 0.0248219200961
17.9270601154 0.00716309867912
20.0837957716 -0.00918235457748
22.5 -0.0219654590828
