0.0767973856209 111.432140101
0.102020686106 48.0231396629
0.135528316613 30.9641046641
0.180041178952 19.9169790733
0.239173826758 13.1772347272
0.317727976117 8.83372292979
0.422082416691 6.04552947758
0.560710985092 4.26177823835
0.744870661203 3.04548914848
0.989515662566 2.19674782847
1.31451176353 1.57908237033
1.74624944489 1.13385743536
2.31978686565 0.805966043233
3.08169667157 0.578670377297
4.09384780825 0.407237191836
5.43842943133 0.270046494615
7.22462486758 0.160655038142
9.5974775689 0.0847228415714
12.7496689965 0.0417098566022
16.9371648283 0.0145889478355
22.5 -0.00744100857198
