0.0767973856209 3223.89181215
0.102020686106 1259.91812247
0.135528316613 707.388296388
0.180041178952 407.484014222
0.239173826758 273.488802942
0.317727976117 170.045109834
0.422082416691 98.4515257998
0.560710985092 60.1314216514
0.744870661203 34.1629379642
0.989515662566 21.2118711625
1.31451176353 11.9969889369
1.74624944489 8.18059241633
2.31978686565 5.05845726956
3.08169667157 3.39079153681
4.09384780825 1.8819524889
5.43842943133 1.00019188155
7.22462486758 0.65251624012
9.5974775689 0.316429389431
12.7496689965 0.181074852341
16.9371648283 0.0437524010165
22.5 -0.0268967927542
