0.0767973856209 11053.7644003
0.102020686106 4110.51594302
0.135528316613 4383.46467081
0.180041178952 1869.21339243
0.239173826758 637.198438504
0.317727976117 475.396293182
0.422082416691 202.209010565
0.560710985092 135.211003985
0.744870661203 57.1014246838
0.989515662566 59.8320494681
1.31451176353 30.714452013
1.74624944489 19.49688497
2.31978686565 12.2894203766
3.08169667157 6.90629291263
4.09384780825 3.35875230056
5.43842943133 1.33423543179
7.22462486758 1.11871178918
9.5974775689 0.195117888753
12.7496689965 0.253392046291
16.9371648283 0.0306423268394
22.5 0.0409956377794
