0.0767973856209 919.620847719
0.102020686106 355.519207314
0.135528316613 204.276010838
0.180041178952 131.091430386
0.239173826758 77.6261875808
0.317727976117 48.8985337341
0.422082416691 30.6857458948
0.560710985092 18.5683512943
0.744870661203 12.5861212259
0.989515662566 8.40724167179
1.31451176353 5.72670740864
1.74624944489 3.80313992347
2.31978686565 2.51672012217
3.08169667157 1.73964610022
4.09384780825 1.12339524737
5.43842943133 0.714043824066
7.22462486758 0.416814736096
9.5974775689 0.223453811917
12.7496689965 0.127774894943
16.9371648283 0.0485095193247
22.5 -0.0196757772688
