0.0767973856209 1710.12830254
0.102020686106 513.541964999
0.135528316613 368.650898139
0.180041178952 218.268570893
0.239173826758 116.700684824
0.317727976117 69.3777222791
0.422082416691 44.5079318896
0.560710985092 27.3833710028
0.744870661203 17.856392268
0.989515662566 12.7270001383
1.31451176353 7.87475773853
1.74624944489 4.85926060121
2.31978686565 3.30178077586
3.08169667157 2.16976170794
4.09384780825 1.43843147854
5.43842943133 0.84658670458
7.22462486758 0.446883173911
9.5974775689 0.234902207365
12.7496689965 0.144686355977
16.9371648283 0.051319332165
22.5 -0.0126842175153
