0.0767973856209 1264.51945235
0.102020686106 456.071866962
0.135528316613 282.165033252
0.180041178952 175.227784983
0.239173826758 98.242302159
0.317727976117 66.7316102299
0.422082416691 37.0349931317
0.560710985092 24.204557121
0.744870661203 15.3853201051
0.989515662566 10.3425948276
1.31451176353 7.10951360173
1.74624944489 4.64661749496
2.31978686565 2.95029195768
3.08169667157 1.99433194474
4.09384780825 1.23659095063
5.43842943133 0.788546685567
7.22462486758 0.453596152133
9.5974775689 0.218324995106
12.7496689965 0.116571553137
16.9371648283 0.0453943160728
22.5 -0.0135020215177
