0.0767973856209 384.655753934
0.102020686106 149.437007387
0.135528316613 90.2790889473
0.180041178952 57.4366882853
0.239173826758 36.774562885
0.317727976117 23.7143702574
0.422082416691 15.84895708
0.560710985092 10.5617669256
0.744870661203 7.03725125712
0.989515662566 4.87083240613
1.31451176353 3.42576748088
1.74624944489 2.36981196324
2.31978686565 1.63546988861
3.08169667157 1.14626365189
4.09384780825 0.771616776768
5.43842943133 0.492463853672
7.22462486758 0.293900467114
9.5974775689 0.155190203943
12.7496689965 0.0796394492908
16.9371648283 0.0290227601582
22.5 -0.0130494362348
