0.0767973856209 12385.2529712
0.102020686106 9212.45308168
0.135528316613 3929.0404126
0.180041178952 1675.37665355
0.239173826758 1429.13220706
0.317727976117 914.044118522
0.422082416691 389.316240092
0.560710985092 276.485285856
0.744870661203 164.707659084
0.989515662566 120.171469795
1.31451176353 50.6862428153
1.74624944489 39.4195045662
2.31978686565 24.0779984433
3.08169667157 7.35713637267
4.09384780825 4.56104840213
5.43842943133 2.28443306456
7.22462486758 1.38687167494
9.5974775689 1.32399465972
12.7496689965 0.529450510873
16.9371648283 0.192028703257
22.5 -1.0
