0.0767973856209 858.015335289
0.102020686106 336.881871792
0.135528316613 188.551287059
0.180041178952 116.317518695
0.239173826758 71.5839090737
0.317727976117 45.5055973902
0.422082416691 28.1063712304
0.560710985092 17.4569826818
0.744870661203 11.8827176664
0.989515662566 7.93616960149
1.31451176353 5.42369564833
1.74624944489 3.58355705407
2.31978686565 2.37220396522
3.08169667157 1.64973018855
4.09384780825 1.08234189358
5.43842943133 0.68832355494
7.22462486758 0.389308770503
9.5974775689 0.21588070048
12.7496689965 0.123862834186
16.9371648283 0.0468065720875
22.5 -0.0194130241197
