0.0767973856209 120.392605122
0.102020686106 49.3987388569
0.135528316613 31.4896848536
0.180041178952 20.4207357752
0.239173826758 13.6103345319
0.317727976117 9.28089788453
0.422082416691 6.43249194481
0.560710985092 4.50005295645
0.744870661203 3.21995849897
0.989515662566 2.32951109037
1.31451176353 1.67852361879
1.74624944489 1.20603602873
2.31978686565 0.85882957941
3.08169667157 0.614464699367
4.09384780825 0.431266739611
5.43842943133 0.287745498932
7.22462486758 0.171464204027
9.5974775689 0.0894543006467
12.7496689965 0.0441944143585
16.9371648283 0.0159686784079
22.5 -0.00788696111735
