0.0767973856209 65.4705124047
0.102020686106 27.7740780202
0.135528316613 18.0444504504
0.180041178952 11.9155454921
0.239173826758 8.06313168586
0.317727976117 5.57772500394
0.422082416691 3.9457514651
0.560710985092 2.84401367895
0.744870661203 2.07337391836
0.989515662566 1.51823143494
1.31451176353 1.11318808576
1.74624944489 0.81066372103
2.31978686565 0.58510013742
3.08169667157 0.422433785608
4.09384780825 0.297841404077
5.43842943133 0.198164228246
7.22462486758 0.119199334029
9.5974775689 0.0638617238008
12.7496689965 0.0311738749267
16.9371648283 0.0101371324846
22.5 -0.0058220714749
