0.0767973856209 385.942424099
0.102020686106 149.483534535
0.135528316613 90.7245746533
0.180041178952 57.6504153182
0.239173826758 36.9358211491
0.317727976117 23.7926338604
0.422082416691 15.8968720628
0.560710985092 10.5829640891
0.744870661203 7.05686343979
0.989515662566 4.87445325108
1.31451176353 3.43069132678
1.74624944489 2.37436042783
2.31978686565 1.64030383651
3.08169667157 1.14999356821
4.09384780825 0.77372760814
5.43842943133 0.494194256457
7.22462486758 0.294958398376
9.5974775689 0.155711294218
12.7496689965 0.0799962263441
16.9371648283 0.029087768468
22.5 -0.0130809327081
