0.0767973856209 604.502548541
0.102020686106 220.795733103
0.135528316613 131.6271883
0.180041178952 86.0176458088
0.239173826758 53.3475941582
0.317727976117 33.5684105029
0.422082416691 21.422432226
0.560710985092 14.1059210929
0.744870661203 9.29952709743
0.989515662566 6.2530659889
1.31451176353 4.29508010322
1.74624944489 2.970456244
2.31978686565 2.0434549181
3.08169667157 1.38749965588
4.09384780825 0.902520912988
5.43842943133 0.563463363611
7.22462486758 0.329980818862
9.5974775689 0.1717785317
12.7496689965 0.090799836933
16.9371648283 0.0326890367408
22.5 -0.0161074211754
