0.0767973856209 -1.0
0.102020686106 18134.4581042
0.135528316613 15470.5246539
0.180041178952 3298.72468495
0.239173826758 1406.51260655
0.317727976117 599.380918635
0.422082416691 255.095217751
0.560710985092 435.954330288
0.744870661203 278.577292238
0.989515662566 98.3791404084
1.31451176353 49.8687504473
1.74624944489 35.1638289908
2.31978686565 15.9684307244
3.08169667157 7.5539544741
4.09384780825 5.45544233293
5.43842943133 4.14803170719
7.22462486758 2.42154414662
9.5974775689 1.28723733719
12.7496689965 0.588885606591
16.9371648283 0.169211623339
22.5 -1.0
