0.0767973856209 10622.4008352
0.102020686106 3950.08211457
0.135528316613 4212.38021861
0.180041178952 1796.23653944
0.239173826758 612.295551049
0.317727976117 456.80702289
0.422082416691 194.279672581
0.560710985092 129.89596857
0.744870661203 54.8342720984
0.989515662566 57.4583462589
1.31451176353 29.476934994
1.74624944489 18.6970841733
2.31978686565 11.7708591893
3.08169667157 6.66946181447
4.09384780825 3.18867116054
5.43842943133 1.29531848863
7.22462486758 1.07497900382
9.5974775689 0.179331370771
12.7496689965 0.2318125608
16.9371648283 0.0197847917928
22.5 0.0418121165707
