0.0767973856209 3985.1855259
0.102020686106 493.184068459
0.135528316613 490.858423461
0.180041178952 478.553034793
0.239173826758 152.416649817
0.317727976117 151.694666477
0.422082416691 96.6989090938
0.560710985092 40.673915046
0.744870661203 29.0502402171
0.989515662566 16.6925431171
1.31451176353 11.8604227721
1.74624944489 5.99669537308
2.31978686565 4.60464282938
3.08169667157 2.93865509982
4.09384780825 1.86042116046
5.43842943133 1.09770271609
7.22462486758 0.540012990405
9.5974775689 0.308852589934
12.7496689965 0.176517115767
16.9371648283 0.0763107425072
22.5 -0.00420981095764
