0.0767973856209 63.6501175671
0.102020686106 28.3233335681
0.135528316613 18.6887088813
0.180041178952 12.4138570483
0.239173826758 8.41937556477
0.317727976117 5.84182908003
0.422082416691 4.14358086953
0.560710985092 2.98527402528
0.744870661203 2.17965985278
0.989515662566 1.59485601083
1.31451176353 1.1673420632
1.74624944489 0.849178346403
2.31978686565 0.614627035291
3.08169667157 0.444565312912
4.09384780825 0.313690894216
5.43842943133 0.208320445264
7.22462486758 0.12535919156
9.5974775689 0.0674875673818
12.7496689965 0.0331257554269
16.9371648283 0.0107898900943
22.5 -0.00615800633065
