0.0767973856209 80.9628578732
0.102020686106 34.2109464726
0.135528316613 22.5106152168
0.180041178952 15.1559259141
0.239173826758 10.5190249545
0.317727976117 7.34865562283
0.422082416691 5.26433007826
0.560710985092 3.78504086561
0.744870661203 2.73855810102
0.989515662566 1.99543266069
1.31451176353 1.45988788353
1.74624944489 1.05550587361
2.31978686565 0.762843201112
3.08169667157 0.548991636181
4.09384780825 0.384117526431
5.43842943133 0.25540047344
7.22462486758 0.153785820311
9.5974775689 0.0812268578478
12.7496689965 0.0401399713034
16.9371648283 0.0147720378372
22.5 -0.00691944800519
