0.0767973856209 118.05014352
0.102020686106 47.1072997057
0.135528316613 30.5069806583
0.180041178952 20.3894601972
0.239173826758 13.773040741
0.317727976117 9.44053761904
0.422082416691 6.68474969461
0.560710985092 4.69144257771
0.744870661203 3.34093197264
0.989515662566 2.40777148298
1.31451176353 1.74259296475
1.74624944489 1.24517286688
2.31978686565 0.890072305315
3.08169667157 0.632498679325
4.09384780825 0.439778699346
5.43842943133 0.291424181205
7.22462486758 0.174530801601
9.5974775689 0.091444610189
12.7496689965 0.046358333484
16.9371648283 0.0175923026348
22.5 -0.00772876339973
