0.0767973856209 165.187160669
0.102020686106 65.3436593654
0.135528316613 41.8121105954
0.180041178952 27.0011709345
0.239173826758 17.9778980586
0.317727976117 12.2302722903
0.422082416691 8.40735353621
0.560710985092 5.84365587486
0.744870661203 4.0558765534
0.989515662566 2.89739572583
1.31451176353 2.08110852142
1.74624944489 1.47282951687
2.31978686565 1.04636780222
3.08169667157 0.740200647194
4.09384780825 0.512875305519
5.43842943133 0.340621932679
7.22462486758 0.203421441597
9.5974775689 0.105730022726
12.7496689965 0.0527062736616
16.9371648283 0.0193342229014
22.5 -0.00900969223061
