0.0767973856209 62880.3164343
0.102020686106 -1.0
0.135528316613 -1.0
0.180041178952 -1.0
0.239173826758 -1.0
0.317727976117 -1.0
0.422082416691 989.759637304
0.560710985092 139.871013262
0.744870661203 59.089172884
0.989515662566 50.2626212345
1.31451176353 97.3983714843
1.74624944489 40.9722739172
2.31978686565 20.8820125027
3.08169667157 14.2736090296
4.09384780825 5.87697353357
5.43842943133 3.63169117406
7.22462486758 1.63422531254
9.5974775689 1.35964571253
12.7496689965 0.330041161067
16.9371648283 0.16533700407
22.5 -1.0
