0.0767973856209 19185.8396647
0.102020686106 2377.67264952
0.135528316613 3042.90098633
0.180041178952 431.7966139
0.239173826758 183.611368614
0.317727976117 -1.0
0.422082416691 133.359261649
0.560710985092 99.2952222106
0.744870661203 78.4511421628
0.989515662566 25.0694206746
1.31451176353 20.1280574356
1.74624944489 17.0245384278
2.31978686565 6.68844903335
3.08169667157 3.48779566215
4.09384780825 2.68132634199
5.43842943133 1.90503008593
7.22462486758 1.23047688693
9.5974775689 0.488558149462
12.7496689965 0.3795870083
16.9371648283 0.119235009976
22.5 -0.00769567551232
