0.0767973856209 341.986655217
0.102020686106 129.037917871
0.135528316613 80.4685555294
0.180041178952 48.8444949243
0.239173826758 30.4880235543
0.317727976117 18.6958159183
0.422082416691 12.2820115737
0.560710985092 8.23725512399
0.744870661203 5.60748992577
0.989515662566 3.90673295345
1.31451176353 2.69971305812
1.74624944489 1.87818062183
2.31978686565 1.26282064721
3.08169667157 0.897998810027
4.09384780825 0.622415084563
5.43842943133 0.41319893784
7.22462486758 0.244028262017
9.5974775689 0.128864912471
12.7496689965 0.0656890888927
16.9371648283 0.0217219839768
22.5 -0.0116590852161
