0.0767973856209 2081.68137888
0.102020686106 662.939537749
0.135528316613 337.274354676
0.180041178952 196.982688721
0.239173826758 130.685398185
0.317727976117 86.3092824629
0.422082416691 52.3891283291
0.560710985092 30.6605472184
0.744870661203 18.949418468
0.989515662566 13.00734956
1.31451176353 7.99252447009
1.74624944489 5.18950650176
2.31978686565 3.40968269954
3.08169667157 2.37115907418
4.09384780825 1.44240231227
5.43842943133 0.8873740984
7.22462486758 0.496038873067
9.5974775689 0.236875405376
12.7496689965 0.136027401311
16.9371648283 0.05507138709
22.5 -0.0128229752452
