0.0767973856209 1758.27065658
0.102020686106 609.691567121
0.135528316613 743.266491042
0.180041178952 602.193502703
0.239173826758 208.898502303
0.317727976117 114.526661941
0.422082416691 69.2217546173
0.560710985092 36.8358857425
0.744870661203 23.6569118015
0.989515662566 13.8201391837
1.31451176353 9.97103124305
1.74624944489 6.49802751248
2.31978686565 4.0163871083
3.08169667157 2.41855593483
4.09384780825 1.7165737437
5.43842943133 1.00595684003
7.22462486758 0.538106478911
9.5974775689 0.291948309419
12.7496689965 0.171678877023
16.9371648283 0.0797055984683
22.5 -0.0174336051285
