0.0767973856209 4928.03683097
0.102020686106 1998.87619789
0.135528316613 994.23236036
0.180041178952 463.951462119
0.239173826758 283.556368182
0.317727976117 175.551005137
0.422082416691 88.4290053329
0.560710985092 53.2079709068
0.744870661203 33.5412532043
0.989515662566 21.2832430553
1.31451176353 11.9849985055
1.74624944489 6.97588684086
2.31978686565 4.68915232327
3.08169667157 3.12383511113
4.09384780825 1.77698013197
5.43842943133 0.920191203268
7.22462486758 0.535514688782
9.5974775689 0.287942055302
12.7496689965 0.149360917157
16.9371648283 0.0422778009577
22.5 -0.0115897361574
