0.0767973856209 567.745969733
0.102020686106 216.066859817
0.135528316613 145.039809014
0.180041178952 89.7925631007
0.239173826758 53.2977599827
0.317727976117 34.0609331633
0.422082416691 21.0510616356
0.560710985092 13.6397850069
0.744870661203 9.16577484266
0.989515662566 6.3054704593
1.31451176353 4.25872308004
1.74624944489 2.83263288816
2.31978686565 1.93453887659
3.08169667157 1.34393601861
4.09384780825 0.910843852288
5.43842943133 0.606017117876
7.22462486758 0.35237206114
9.5974775689 0.189808896964
12.7496689965 0.099190222948
16.9371648283 0.0344060000466
22.5 -0.0157462465489
