0.0767973856209 411.628570566
0.102020686106 169.462883486
0.135528316613 103.948650234
0.180041178952 64.1684389358
0.239173826758 39.4618049216
0.317727976117 24.0618375859
0.422082416691 15.6788910193
0.560710985092 10.5005283416
0.744870661203 7.05752283722
0.989515662566 4.87526183229
1.31451176353 3.31327497188
1.74624944489 2.26937438662
2.31978686565 1.53759768823
3.08169667157 1.08958635007
4.09384780825 0.746777002334
5.43842943133 0.500691289723
7.22462486758 0.289611083924
9.5974775689 0.150417088802
12.7496689965 0.0771694216189
16.9371648283 0.0262406306617
22.5 -0.0139887098576
