0.0767973856209 81.0721917246
0.102020686106 34.2714135622
0.135528316613 22.5391425237
0.180041178952 15.1735426751
0.239173826758 10.5308472211
0.317727976117 7.35626294412
0.422082416691 5.26757536172
0.560710985092 3.78722449297
0.744870661203 2.74058999911
0.989515662566 1.99766563957
1.31451176353 1.46165898309
1.74624944489 1.05672035159
2.31978686565 0.76364335976
3.08169667157 0.549483184752
4.09384780825 0.384430201199
5.43842943133 0.255568379366
7.22462486758 0.153795384573
9.5974775689 0.0812518250719
12.7496689965 0.0401331445853
16.9371648283 0.0147914199788
22.5 -0.00691047114696
