0.0767973856209 100.416632798
0.102020686106 41.0918360312
0.135528316613 26.3850106122
0.180041178952 17.6434225689
0.239173826758 12.0912291356
0.317727976117 8.32887875474
0.422082416691 5.89867382026
0.560710985092 4.19870005233
0.744870661203 3.02311047397
0.989515662566 2.19878557685
1.31451176353 1.61015857102
1.74624944489 1.15499998498
2.31978686565 0.828869466427
3.08169667157 0.595519840862
4.09384780825 0.41769808839
5.43842943133 0.278629453263
7.22462486758 0.167811658483
9.5974775689 0.0886599321274
12.7496689965 0.0442489971982
16.9371648283 0.016248284761
22.5 -0.00790456725639
