0.0767973856209 459.223159949
0.102020686106 168.228398765
0.135528316613 108.587250594
0.180041178952 66.9516610116
0.239173826758 42.6239410553
0.317727976117 26.5518087128
0.422082416691 18.1435826785
0.560710985092 11.9646801215
0.744870661203 8.00056371506
0.989515662566 5.49446380995
1.31451176353 3.81951100849
1.74624944489 2.58540569062
2.31978686565 1.78599076252
3.08169667157 1.2321221651
4.09384780825 0.830425390893
5.43842943133 0.529171859927
7.22462486758 0.311856470481
9.5974775689 0.161863206013
12.7496689965 0.0824454036368
16.9371648283 0.0272669759662
22.5 -0.0146996228354
