0.0767973856209 1566.21408766
0.102020686106 518.24879731
0.135528316613 387.689622915
0.180041178952 225.929307166
0.239173826758 129.77570931
0.317727976117 77.8713966237
0.422082416691 51.9804635293
0.560710985092 29.9702154932
0.744870661203 18.2663829325
0.989515662566 11.71499969
1.31451176353 7.21518605099
1.74624944489 4.89688394357
2.31978686565 3.08066618463
3.08169667157 2.22285615365
4.09384780825 1.35575802904
5.43842943133 0.826900862705
7.22462486758 0.496705098466
9.5974775689 0.266072708686
12.7496689965 0.151615414533
16.9371648283 0.0509875445708
22.5 -0.0194145423571
