0.0767973856209 251.864897119
0.102020686106 94.0924613229
0.135528316613 58.4108473115
0.180041178952 37.3759916972
0.239173826758 24.502204605
0.317727976117 16.1597226645
0.422082416691 11.0452118645
0.560710985092 7.51398654745
0.744870661203 5.13651287714
0.989515662566 3.62956789134
1.31451176353 2.57043336119
1.74624944489 1.77329097534
2.31978686565 1.24272789783
3.08169667157 0.871080825573
4.09384780825 0.606720946424
5.43842943133 0.400627859052
7.22462486758 0.238843952521
9.5974775689 0.122988746632
12.7496689965 0.0611755259211
16.9371648283 0.0211611787669
22.5 -0.0121634664733
