0.0767973856209 197.101228911
0.102020686106 76.4445448696
0.135528316613 48.250839629
0.180041178952 30.7824441937
0.239173826758 19.6924451618
0.317727976117 13.0371192739
0.422082416691 8.87245434809
0.560710985092 6.0868625315
0.744870661203 4.28176327035
0.989515662566 3.03556747631
1.31451176353 2.1496374421
1.74624944489 1.5128221791
2.31978686565 1.06553365255
3.08169667157 0.751744658024
4.09384780825 0.525859405786
5.43842943133 0.348922859473
7.22462486758 0.206749549529
9.5974775689 0.107391420453
12.7496689965 0.0539722558899
16.9371648283 0.0185876954976
22.5 -0.0105704675683
