0.0767973856209 181.76750101
0.102020686106 71.2302882232
0.135528316613 45.223833967
0.180041178952 29.7084662201
0.239173826758 19.7790361214
0.317727976117 13.4200725926
0.422082416691 9.27770576932
0.560710985092 6.41182431834
0.744870661203 4.4688149328
0.989515662566 3.16183833653
1.31451176353 2.27709431772
1.74624944489 1.60821756994
2.31978686565 1.13831742431
3.08169667157 0.801950123282
4.09384780825 0.554531501719
5.43842943133 0.367179568255
7.22462486758 0.219075741402
9.5974775689 0.113149434092
12.7496689965 0.0574535938621
16.9371648283 0.0214249383229
22.5 -0.0101891275725
