0.0767973856209 856.353679084
0.102020686106 277.871625372
0.135528316613 179.089665208
0.180041178952 109.98189248
0.239173826758 72.7259681199
0.317727976117 41.5929299894
0.422082416691 25.3737119236
0.560710985092 16.8819380572
0.744870661203 10.9838166076
0.989515662566 7.36900161305
1.31451176353 4.87493272382
1.74624944489 3.30077542652
2.31978686565 2.19112303156
3.08169667157 1.5141688372
4.09384780825 1.02619819078
5.43842943133 0.671248462129
7.22462486758 0.381077827367
9.5974775689 0.204829690508
12.7496689965 0.106672157858
16.9371648283 0.0354178283467
22.5 -0.0172030977558
