0.0767973856209 75.4388992795
0.102020686106 32.5093057021
0.135528316613 21.123188734
0.180041178952 13.8347749899
0.239173826758 9.26983609823
0.317727976117 6.36130125052
0.422082416691 4.46925065477
0.560710985092 3.19876300468
0.744870661203 2.32067875784
0.989515662566 1.68900444995
1.31451176353 1.23114984083
1.74624944489 0.893703400219
2.31978686565 0.643487850364
3.08169667157 0.464056926126
4.09384780825 0.327193269874
5.43842943133 0.217177912019
7.22462486758 0.130069147111
9.5974775689 0.0692831975241
12.7496689965 0.0337492886336
16.9371648283 0.0110406709202
22.5 -0.00623542218701
