0.0767973856209 174.234388739
0.102020686106 72.3226361475
0.135528316613 45.0884200965
0.180041178952 28.2583955115
0.239173826758 18.3131090857
0.317727976117 12.0009371107
0.422082416691 8.05344063581
0.560710985092 5.56291314918
0.744870661203 3.89250469174
0.989515662566 2.78964539419
1.31451176353 1.98632231711
1.74624944489 1.4062290595
2.31978686565 0.987423873681
3.08169667157 0.703642227535
4.09384780825 0.494862421566
5.43842943133 0.329012810548
7.22462486758 0.193921471823
9.5974775689 0.100354112412
12.7496689965 0.0487252263122
16.9371648283 0.0169084154231
22.5 -0.0091001095191
