0.0767973856209 906.671525982
0.102020686106 325.503069341
0.135528316613 177.973166638
0.180041178952 112.706302472
0.239173826758 71.9822360959
0.317727976117 44.3146644937
0.422082416691 29.615830356
0.560710985092 18.2752923074
0.744870661203 12.0636603998
0.989515662566 7.73378784073
1.31451176353 5.42454859779
1.74624944489 3.66036462634
2.31978686565 2.42092430983
3.08169667157 1.67184737879
4.09384780825 1.0874057236
5.43842943133 0.688633422017
7.22462486758 0.393954849074
9.5974775689 0.208998688617
12.7496689965 0.107232264585
16.9371648283 0.0341896943418
22.5 -0.0213833969651
