0.0767973856209 251.308947193
0.102020686106 94.1512591891
0.135528316613 60.1263382141
0.180041178952 36.6625786816
0.239173826758 23.3091414317
0.317727976117 14.9725535828
0.422082416691 10.0074532378
0.560710985092 6.81425756143
0.744870661203 4.74147697783
0.989515662566 3.33116954458
1.31451176353 2.31475294099
1.74624944489 1.63101003674
2.31978686565 1.13900921558
3.08169667157 0.805766169509
4.09384780825 0.562184401103
5.43842943133 0.372838135169
7.22462486758 0.22006336183
9.5974775689 0.115732868335
12.7496689965 0.0575121273483
16.9371648283 0.020266404229
22.5 -0.010323367014
