0.0767973856209 286.852121566
0.102020686106 101.526924271
0.135528316613 65.1450218852
0.180041178952 41.8393590089
0.239173826758 27.2535734102
0.317727976117 17.7611116608
0.422082416691 12.1842397618
0.560710985092 8.2848793246
0.744870661203 5.66472562909
0.989515662566 3.95937408964
1.31451176353 2.81893285949
1.74624944489 1.94384693483
2.31978686565 1.35770225033
3.08169667157 0.948771702194
4.09384780825 0.649634785248
5.43842943133 0.422795232541
7.22462486758 0.255645158094
9.5974775689 0.133911021125
12.7496689965 0.0660150092384
16.9371648283 0.0224342918438
22.5 -0.0122756418868
