0.0767973856209 170.125171166
0.102020686106 70.9040193339
0.135528316613 44.1808528442
0.180041178952 27.7542955266
0.239173826758 18.0203713791
0.317727976117 11.8068333978
0.422082416691 7.9423066814
0.560710985092 5.49250797656
0.744870661203 3.84480443563
0.989515662566 2.7571717334
1.31451176353 1.96243604287
1.74624944489 1.39160460217
2.31978686565 0.978527215485
3.08169667157 0.69758551412
4.09384780825 0.49058401461
5.43842943133 0.32615772413
7.22462486758 0.192343428778
9.5974775689 0.0996788165807
12.7496689965 0.0481546809035
16.9371648283 0.0167265766218
22.5 -0.00894677157454
