0.0767973856209 568.240269912
0.102020686106 216.554736486
0.135528316613 144.730739759
0.180041178952 89.6578666817
0.239173826758 53.1338356233
0.317727976117 34.0180919457
0.422082416691 21.0222295629
0.560710985092 13.6126061882
0.744870661203 9.15561858829
0.989515662566 6.28897146455
1.31451176353 4.25202220613
1.74624944489 2.82962186843
2.31978686565 1.93055760139
3.08169667157 1.34063662672
4.09384780825 0.90962439926
5.43842943133 0.60527384852
7.22462486758 0.351732827627
9.5974775689 0.190122833448
12.7496689965 0.0993648812026
16.9371648283 0.0343059616584
22.5 -0.0158907167119
