0.0767973856209 3467.69518731
0.102020686106 490.461291222
0.135528316613 418.27010831
0.180041178952 379.038348983
0.239173826758 122.964245453
0.317727976117 116.957531239
0.422082416691 99.6306453466
0.560710985092 33.7836145506
0.744870661203 25.5173869266
0.989515662566 15.5627001187
1.31451176353 11.0620162611
1.74624944489 5.27213168431
2.31978686565 4.12089499013
3.08169667157 2.73121122975
4.09384780825 1.7096539449
5.43842943133 0.957180477257
7.22462486758 0.487358247234
9.5974775689 0.254563778789
12.7496689965 0.165019892871
16.9371648283 0.0808886238777
22.5 -0.00611506240946
