0.0767973856209 3271.86470022
0.102020686106 1247.46371207
0.135528316613 957.568197778
0.180041178952 407.881634508
0.239173826758 236.391831433
0.317727976117 145.724496311
0.422082416691 95.9642296316
0.560710985092 52.0166847117
0.744870661203 34.7662085524
0.989515662566 23.2184247223
1.31451176353 11.8693261167
1.74624944489 8.63457951108
2.31978686565 5.16982037231
3.08169667157 3.2216953275
4.09384780825 1.75141152698
5.43842943133 0.977199075555
7.22462486758 0.631044903208
9.5974775689 0.327952110391
12.7496689965 0.195190179173
16.9371648283 0.0445385306846
22.5 -0.0180802607729
