0.0767973856209 1122.83576533
0.102020686106 384.827545551
0.135528316613 249.783235649
0.180041178952 156.1162007
0.239173826758 94.8936803801
0.317727976117 59.0633277731
0.422082416691 33.3765866372
0.560710985092 21.2442372657
0.744870661203 13.5984167417
0.989515662566 9.76262841267
1.31451176353 6.36511195866
1.74624944489 4.29038167292
2.31978686565 2.71352651775
3.08169667157 1.78957797426
4.09384780825 1.13165345914
5.43842943133 0.732206201611
7.22462486758 0.399303277178
9.5974775689 0.201250544799
12.7496689965 0.109835195768
16.9371648283 0.0388549388267
22.5 -0.0102370165562
