0.0767973856209 156.509340468
0.102020686106 63.1212536858
0.135528316613 39.767469203
0.180041178952 25.863345296
0.239173826758 17.2498743718
0.317727976117 11.6741927346
0.422082416691 8.06038897325
0.560710985092 5.63897184222
0.744870661203 3.93877948688
0.989515662566 2.81164830119
1.31451176353 2.02382928552
1.74624944489 1.43684962237
2.31978686565 1.02244875265
3.08169667157 0.721055336321
4.09384780825 0.501517845442
5.43842943133 0.332505523556
7.22462486758 0.198802774739
9.5974775689 0.103024950791
12.7496689965 0.0514247880283
16.9371648283 0.0180220493658
22.5 -0.00963164872925
