0.0767973856209 2536.33839801
0.102020686106 760.577062163
0.135528316613 436.846921554
0.180041178952 185.765600365
0.239173826758 227.717707173
0.317727976117 110.811002521
0.422082416691 58.8506576679
0.560710985092 38.491054931
0.744870661203 23.7571770004
0.989515662566 16.9996639422
1.31451176353 9.52606919665
1.74624944489 6.83098847204
2.31978686565 4.10627602532
3.08169667157 2.67262435273
4.09384780825 1.57867310692
5.43842943133 0.907197557434
7.22462486758 0.529797729346
9.5974775689 0.247335181712
12.7496689965 0.124712016027
16.9371648283 0.0552988688401
22.5 -0.0146221378274
