0.0767973856209 917.155758285
0.102020686106 356.35206535
0.135528316613 204.078724918
0.180041178952 131.17836128
0.239173826758 77.5506218115
0.317727976117 48.9284081555
0.422082416691 30.6386939492
0.560710985092 18.592028232
0.744870661203 12.5911855068
0.989515662566 8.42396673712
1.31451176353 5.7350799279
1.74624944489 3.80602472896
2.31978686565 2.51983943523
3.08169667157 1.74085157991
4.09384780825 1.12359217975
5.43842943133 0.714119237785
7.22462486758 0.416508991866
9.5974775689 0.223486599681
12.7496689965 0.127992521051
16.9371648283 0.0484603181411
22.5 -0.0197728460347
