0.0767973856209 32533.1650576
0.102020686106 -1.0
0.135528316613 10321.7815356
0.180041178952 -1.0
0.239173826758 1877.21762509
0.317727976117 -1.0
0.422082416691 340.739427017
0.560710985092 144.770510453
0.744870661203 247.716302984
0.989515662566 131.61384105
1.31451176353 44.2536307487
1.74624944489 32.7804993572
2.31978686565 15.4676868494
3.08169667157 12.1706879291
4.09384780825 5.74162037153
5.43842943133 3.47326273636
7.22462486758 1.72584373155
9.5974775689 1.03476187211
12.7496689965 0.525089216093
16.9371648283 0.100089606049
22.5 -1.0
