0.0767973856209 67370.4566045
0.102020686106 -1.0
0.135528316613 -1.0
0.180041178952 -1.0
0.239173826758 -1.0
0.317727976117 -1.0
0.422082416691 1060.50640119
0.560710985092 149.930131476
0.744870661203 63.3799356138
0.989515662566 53.9231100392
1.31451176353 104.424663323
1.74624944489 43.9693707312
2.31978686565 20.313211204
3.08169667157 15.3642453161
4.09384780825 5.98024343792
5.43842943133 3.79701028347
7.22462486758 1.82232635055
9.5974775689 1.40775234147
12.7496689965 0.258121228165
16.9371648283 0.0897429764115
22.5 -1.0
