0.0767973856209 253.642880381
0.102020686106 91.9454614834
0.135528316613 58.3841339853
0.180041178952 38.1816115194
0.239173826758 24.705012423
0.317727976117 16.2948415027
0.422082416691 11.0578835668
0.560710985092 7.55002699972
0.744870661203 5.16288774293
0.989515662566 3.62918976935
1.31451176353 2.56860515272
1.74624944489 1.78378301241
2.31978686565 1.25186006934
3.08169667157 0.884120190055
4.09384780825 0.608162934799
5.43842943133 0.400763494881
7.22462486758 0.239715763027
9.5974775689 0.124905082962
12.7496689965 0.0643841838337
16.9371648283 0.0234650254629
22.5 -0.0116131633206
