0.0767973856209 121.668255826
0.102020686106 49.8955917977
0.135528316613 31.7939388529
0.180041178952 20.5962638955
0.239173826758 13.7152946873
0.317727976117 9.34751998805
0.422082416691 6.47849935088
0.560710985092 4.52995000963
0.744870661203 3.23977873423
0.989515662566 2.34353810292
1.31451176353 1.68899993489
1.74624944489 1.21361272471
2.31978686565 0.864175746022
3.08169667157 0.617670944486
4.09384780825 0.432764019639
5.43842943133 0.288347413826
7.22462486758 0.171710063746
9.5974775689 0.0896381704582
12.7496689965 0.0443220594402
16.9371648283 0.0160098371374
22.5 -0.00795159994948
