0.0767973856209 510.641822892
0.102020686106 183.598651728
0.135528316613 119.961452885
0.180041178952 72.5796683672
0.239173826758 46.5249213333
0.317727976117 28.7406864465
0.422082416691 19.6638013305
0.560710985092 12.8238555611
0.744870661203 8.40923429947
0.989515662566 5.81296691106
1.31451176353 4.00005971504
1.74624944489 2.73171356728
2.31978686565 1.87057063864
3.08169667157 1.28717122129
4.09384780825 0.867573823148
5.43842943133 0.560168621953
7.22462486758 0.330302518107
9.5974775689 0.17159216868
12.7496689965 0.0863269250642
16.9371648283 0.0305699626659
22.5 -0.014524943006
