0.0767973856209 78.3712309391
0.102020686106 33.6193307036
0.135528316613 21.7820345377
0.180041178952 14.2405404927
0.239173826758 9.52111619228
0.317727976117 6.51982731861
0.422082416691 4.57510373856
0.560710985092 3.27270641634
0.744870661203 2.37206625145
0.989515662566 1.72439007834
1.31451176353 1.25613142274
1.74624944489 0.91097217581
2.31978686565 0.655796515681
3.08169667157 0.472557056604
4.09384780825 0.33302833185
5.43842943133 0.221156923194
7.22462486758 0.132371450949
9.5974775689 0.0704235379584
12.7496689965 0.034356205788
16.9371648283 0.0113060614314
22.5 -0.00628661853207
