0.0767973856209 888.571646182
0.102020686106 288.946431475
0.135528316613 186.313111273
0.180041178952 112.82908488
0.239173826758 72.9519567819
0.317727976117 41.8161428098
0.422082416691 25.6900783541
0.560710985092 17.0953419196
0.744870661203 11.1266584891
0.989515662566 7.49411520797
1.31451176353 4.94155890152
1.74624944489 3.36826369032
2.31978686565 2.24471339925
3.08169667157 1.53910060469
4.09384780825 1.04067100544
5.43842943133 0.680561687815
7.22462486758 0.387865376449
9.5974775689 0.207292525582
12.7496689965 0.107156826154
16.9371648283 0.0359183495898
22.5 -0.0172708728742
