0.0767973856209 655.530550934
0.102020686106 244.011877181
0.135528316613 164.179411314
0.180041178952 92.3038199536
0.239173826758 58.0735238793
0.317727976117 36.0430182053
0.422082416691 22.8660582468
0.560710985092 14.6015714132
0.744870661203 9.62474904311
0.989515662566 6.50224438285
1.31451176353 4.41664073291
1.74624944489 2.96644752428
2.31978686565 1.99323086491
3.08169667157 1.37539771242
4.09384780825 0.929767119819
5.43842943133 0.607196999395
7.22462486758 0.343955206459
9.5974775689 0.180543674512
12.7496689965 0.0958710255037
16.9371648283 0.0324187875113
22.5 -0.0145225500947
