0.0767973856209 70.6690009729
0.102020686106 29.7313356863
0.135528316613 19.2444643525
0.180041178952 12.6748556754
0.239173826758 8.53615204537
0.317727976117 5.88322435383
0.422082416691 4.14768713608
0.560710985092 2.98062362216
0.744870661203 2.16861906395
0.989515662566 1.58450311412
1.31451176353 1.15966794957
1.74624944489 0.8430808898
2.31978686565 0.607499460672
3.08169667157 0.43842561481
4.09384780825 0.308858488371
5.43842943133 0.205422141697
7.22462486758 0.123340908612
9.5974775689 0.0656411165112
12.7496689965 0.0320239286939
16.9371648283 0.0104371546852
22.5 -0.00596872813825
