0.0767973856209 1018.67660336
0.102020686106 346.940605659
0.135528316613 200.820446562
0.180041178952 116.078906845
0.239173826758 73.7978244986
0.317727976117 45.2193860135
0.422082416691 27.6989211279
0.560710985092 17.8973982037
0.744870661203 11.1341727419
0.989515662566 8.09130776998
1.31451176353 5.3184948349
1.74624944489 3.45848955893
2.31978686565 2.27407881064
3.08169667157 1.5375482268
4.09384780825 1.02917003639
5.43842943133 0.671546441456
7.22462486758 0.377818326602
9.5974775689 0.188458499198
12.7496689965 0.105195977242
16.9371648283 0.0367302831569
22.5 -0.0112509781033
