0.0767973856209 393.345315902
0.102020686106 162.074986165
0.135528316613 100.42416508
0.180041178952 59.9917885199
0.239173826758 37.187599357
0.317727976117 22.728738234
0.422082416691 14.820726239
0.560710985092 9.89779053546
0.744870661203 6.67864148131
0.989515662566 4.59295450005
1.31451176353 3.1137347729
1.74624944489 2.14440440469
2.31978686565 1.45844390872
3.08169667157 1.03638162098
4.09384780825 0.71287016513
5.43842943133 0.475260735665
7.22462486758 0.27291958206
9.5974775689 0.141262713321
12.7496689965 0.0728904248851
16.9371648283 0.0254204365806
22.5 -0.0134279377154
