0.0767973856209 118.320377383
0.102020686106 47.179834494
0.135528316613 30.5970050086
0.180041178952 20.4526611796
0.239173826758 13.8068699728
0.317727976117 9.45873946773
0.422082416691 6.6961467961
0.560710985092 4.6982157861
0.744870661203 3.34697935964
0.989515662566 2.41192847018
1.31451176353 1.74551305882
1.74624944489 1.2479836855
2.31978686565 0.892054292688
3.08169667157 0.633720088335
4.09384780825 0.440517679925
5.43842943133 0.291918689866
7.22462486758 0.174811939932
9.5974775689 0.0917189648154
12.7496689965 0.0465725784226
16.9371648283 0.0176184587307
22.5 -0.00777140918209
