0.0767973856209 1840.3909134
0.102020686106 465.946432057
0.135528316613 370.799174552
0.180041178952 231.224926593
0.239173826758 118.592725674
0.317727976117 78.3532791545
0.422082416691 48.0143906566
0.560710985092 28.7202593357
0.744870661203 17.7160317482
0.989515662566 11.3162843025
1.31451176353 7.8844952477
1.74624944489 5.30999567745
2.31978686565 3.24055997034
3.08169667157 2.21783153367
4.09384780825 1.46019073124
5.43842943133 0.882312803678
7.22462486758 0.48848715476
9.5974775689 0.247220296956
12.7496689965 0.14391342324
16.9371648283 0.0609784037052
22.5 -0.0133170294532
