0.0767973856209 539.891963622
0.102020686106 202.32213433
0.135528316613 133.034155957
0.180041178952 83.2620450831
0.239173826758 50.8796221676
0.317727976117 32.3115873549
0.422082416691 20.1600657957
0.560710985092 12.8286650121
0.744870661203 8.72465756505
0.989515662566 5.94254021478
1.31451176353 4.0076285054
1.74624944489 2.68044909858
2.31978686565 1.86242532974
3.08169667157 1.29955659063
4.09384780825 0.883434549902
5.43842943133 0.584264734942
7.22462486758 0.336726761121
9.5974775689 0.17754726743
12.7496689965 0.0936850913096
16.9371648283 0.0318465034058
22.5 -0.0155005813014
