0.0767973856209 13444.0479622
0.102020686106 3332.67750168
0.135528316613 1420.9953353
0.180041178952 605.558592606
0.239173826758 128.365166372
0.317727976117 54.1813014425
0.422082416691 352.067535212
0.560710985092 119.482053316
0.744870661203 37.544126805
0.989515662566 31.8823459933
1.31451176353 21.5976290479
1.74624944489 12.6277237606
2.31978686565 7.50678199075
3.08169667157 4.62434028785
4.09384780825 2.58573366098
5.43842943133 1.87195957698
7.22462486758 1.37030253682
9.5974775689 0.575657145203
12.7496689965 0.281010936667
16.9371648283 0.0895635830212
22.5 0.0190187289329
