0.0767973856209 3166.95100242
0.102020686106 1253.74094561
0.135528316613 703.917936407
0.180041178952 405.482870805
0.239173826758 274.519261628
0.317727976117 166.167754403
0.422082416691 97.9643175879
0.560710985092 59.8319417752
0.744870661203 34.0693071664
0.989515662566 21.0359756849
1.31451176353 11.9190105501
1.74624944489 8.14171975504
2.31978686565 5.02357098268
3.08169667157 3.36928126157
4.09384780825 1.86404489746
5.43842943133 0.987564627589
7.22462486758 0.642697112331
9.5974775689 0.313656164951
12.7496689965 0.180353372201
16.9371648283 0.0452537922326
22.5 -0.0271278586029
