0.0767973856209 193.233805075
0.102020686106 75.8633105143
0.135528316613 48.9049559676
0.180041178952 30.4688139318
0.239173826758 19.2092321814
0.317727976117 12.5360565112
0.422082416691 8.46489205894
0.560710985092 5.78445152253
0.744870661203 4.05879931615
0.989515662566 2.86588674426
1.31451176353 2.01693994955
1.74624944489 1.43012454796
2.31978686565 0.99202601949
3.08169667157 0.704853348649
4.09384780825 0.491882010458
5.43842943133 0.327518337227
7.22462486758 0.192549341076
9.5974775689 0.0994772795606
12.7496689965 0.0479829969027
16.9371648283 0.0160773559602
22.5 -0.00967306350736
