0.0767973856209 231.90967388
0.102020686106 86.418491146
0.135528316613 55.2515516508
0.180041178952 35.9639654171
0.239173826758 23.5918694135
0.317727976117 15.6769003539
0.422082416691 10.7751214415
0.560710985092 7.28763650662
0.744870661203 5.04213752542
0.989515662566 3.57021796477
1.31451176353 2.54658602221
1.74624944489 1.7766096506
2.31978686565 1.25189625268
3.08169667157 0.87873146399
4.09384780825 0.609088542098
5.43842943133 0.403938329342
7.22462486758 0.244549277723
9.5974775689 0.128100825483
12.7496689965 0.0654423185284
16.9371648283 0.0236061198937
22.5 -0.0110495367521
