0.0767973856209 1327.59227895
0.102020686106 417.476612813
0.135528316613 292.4712096
0.180041178952 175.802712083
0.239173826758 104.509006372
0.317727976117 62.7901883983
0.422082416691 41.0669871498
0.560710985092 25.260704215
0.744870661203 15.7902853773
0.989515662566 10.2249153516
1.31451176353 6.73690482298
1.74624944489 4.41329063353
2.31978686565 2.84730007818
3.08169667157 1.95551131702
4.09384780825 1.20720818126
5.43842943133 0.724382791017
7.22462486758 0.436087754642
9.5974775689 0.221354072091
12.7496689965 0.122968743518
16.9371648283 0.0392007092233
22.5 -0.0185165063226
