0.0767973856209 165.874430966
0.102020686106 65.7053724728
0.135528316613 41.9334314499
0.180041178952 27.0836620336
0.239173826758 18.0380108484
0.317727976117 12.2634110056
0.422082416691 8.43432044574
0.560710985092 5.86315882751
0.744870661203 4.06951359336
0.989515662566 2.90646337726
1.31451176353 2.08667104851
1.74624944489 1.47637860125
2.31978686565 1.04902991535
3.08169667157 0.741897403873
4.09384780825 0.51387831082
5.43842943133 0.341318038912
7.22462486758 0.203972422025
9.5974775689 0.106037828233
12.7496689965 0.0530361986857
16.9371648283 0.0194458507491
22.5 -0.00905190305392
