0.0767973856209 177.696248699
0.102020686106 68.9475277023
0.135528316613 43.1888765759
0.180041178952 28.0966615679
0.239173826758 18.2502920782
0.317727976117 12.1702577796
0.422082416691 8.300004527
0.560710985092 5.67489380456
0.744870661203 4.01839807892
0.989515662566 2.87044742688
1.31451176353 2.03981157214
1.74624944489 1.44215337919
2.31978686565 1.01690804324
3.08169667157 0.724826626048
4.09384780825 0.504541710553
5.43842943133 0.334612532713
7.22462486758 0.198718124482
9.5974775689 0.103324271017
12.7496689965 0.0523445295437
16.9371648283 0.0185983484189
22.5 -0.00972675153145
