0.0767973856209 608.700901644
0.102020686106 218.283533103
0.135528316613 131.172940137
0.180041178952 86.1938525302
0.239173826758 53.5387393823
0.317727976117 33.7282567643
0.422082416691 21.5028311291
0.560710985092 14.0939800579
0.744870661203 9.28813548088
0.989515662566 6.25944786654
1.31451176353 4.29668201859
1.74624944489 2.97207843724
2.31978686565 2.04902724855
3.08169667157 1.39023563829
4.09384780825 0.906708380395
5.43842943133 0.565537454291
7.22462486758 0.331718715666
9.5974775689 0.172837589845
12.7496689965 0.091274515561
16.9371648283 0.0324832917898
22.5 -0.0160670778302
