0.0767973856209 340.935106862
0.102020686106 129.086748139
0.135528316613 80.0212343587
0.180041178952 50.9483918973
0.239173826758 32.6973077818
0.317727976117 20.9478654714
0.422082416691 14.0848579842
0.560710985092 9.48480279335
0.744870661203 6.41288185924
0.989515662566 4.48613521294
1.31451176353 3.16519896066
1.74624944489 2.19783335441
2.31978686565 1.52384973803
3.08169667157 1.06390174285
4.09384780825 0.72135672276
5.43842943133 0.465560757068
7.22462486758 0.279373337727
9.5974775689 0.14797016872
12.7496689965 0.0754444720921
16.9371648283 0.0264069492872
22.5 -0.0117230954428
