0.0767973856209 31439.6582172
0.102020686106 -1.0
0.135528316613 9974.82220217
0.180041178952 -1.0
0.239173826758 -1.0
0.317727976117 -1.0
0.422082416691 1980.51927461
0.560710985092 139.871013262
0.744870661203 119.178345768
0.989515662566 101.525242469
1.31451176353 64.5989143228
1.74624944489 50.2994458988
2.31978686565 18.8927386388
3.08169667157 7.48533834977
4.09384780825 5.87697353357
5.43842943133 3.94047058566
7.22462486758 2.02935910942
9.5974775689 1.16300856982
12.7496689965 0.138323516229
16.9371648283 0.175559258492
22.5 -1.0
