0.0767973856209 48.3124262851
0.102020686106 21.857222541
0.135528316613 14.529640692
0.180041178952 9.78064968438
0.239173826758 6.72866256039
0.317727976117 4.73801021464
0.422082416691 3.39807032816
0.560710985092 2.47862947544
0.744870661203 1.82546148863
0.989515662566 1.34523627617
1.31451176353 0.991280421803
1.74624944489 0.726402481772
2.31978686565 0.528028609318
3.08169667157 0.382312181727
4.09384780825 0.269458100801
5.43842943133 0.179403474337
7.22462486758 0.108300583795
9.5974775689 0.0584408605158
12.7496689965 0.0285694717032
16.9371648283 0.00891178925923
22.5 -0.00549562455381
