0.0767973856209 176.380334676
0.102020686106 68.4898572055
0.135528316613 42.9190283433
0.180041178952 27.9447321978
0.239173826758 18.1287530017
0.317727976117 12.0812102327
0.422082416691 8.26048191059
0.560710985092 5.64517319043
0.744870661203 3.99919885163
0.989515662566 2.85270349582
1.31451176353 2.02779317446
1.74624944489 1.43473958573
2.31978686565 1.01105026333
3.08169667157 0.722023649181
4.09384780825 0.503271389688
5.43842943133 0.333842188841
7.22462486758 0.197983260883
9.5974775689 0.10298917267
12.7496689965 0.0520431141458
16.9371648283 0.0182549016063
22.5 -0.00966392548695
