0.0767973856209 653.604049756
0.102020686106 243.850032993
0.135528316613 165.254449481
0.180041178952 92.2421875088
0.239173826758 58.2068659899
0.317727976117 35.8898849266
0.422082416691 22.920856365
0.560710985092 14.6380863115
0.744870661203 9.64198196138
0.989515662566 6.50033121041
1.31451176353 4.42344501854
1.74624944489 2.96847750218
2.31978686565 1.99644853732
3.08169667157 1.38005328048
4.09384780825 0.931577190037
5.43842943133 0.608121930541
7.22462486758 0.345428238016
9.5974775689 0.18062548213
12.7496689965 0.0958967073055
16.9371648283 0.0322415911608
22.5 -0.0148211441472
