0.0767973856209 3277.60404976
0.102020686106 1249.65303864
0.135528316613 959.249158784
0.180041178952 408.598656088
0.239173826758 236.808125665
0.317727976117 145.981794808
0.422082416691 95.2512289071
0.560710985092 51.3563271958
0.744870661203 34.8289287658
0.989515662566 23.2608945515
1.31451176353 11.8626606596
1.74624944489 8.65147486866
2.31978686565 5.10617433049
3.08169667157 3.28128164519
4.09384780825 1.7707531424
5.43842943133 0.982730378584
7.22462486758 0.633905130459
9.5974775689 0.330506160411
12.7496689965 0.19594045914
16.9371648283 0.0438556603166
22.5 -0.0183111998187
