0.0767973856209 146.27527506
0.102020686106 57.7773954068
0.135528316613 36.7705081199
0.180041178952 22.8861653395
0.239173826758 14.8401490615
0.317727976117 9.88040779568
0.422082416691 6.73142892486
0.560710985092 4.68761330924
0.744870661203 3.31767817402
0.989515662566 2.37879910519
1.31451176353 1.69936409012
1.74624944489 1.21486619539
2.31978686565 0.858811810736
3.08169667157 0.614114361387
4.09384780825 0.431351246528
5.43842943133 0.286084204928
7.22462486758 0.169726853267
9.5974775689 0.0880763514885
12.7496689965 0.0431537183404
16.9371648283 0.0151967938434
22.5 -0.00821239069966
