0.0767973856209 31439.6582172
0.102020686106 -1.0
0.135528316613 9974.82220217
0.180041178952 -1.0
0.239173826758 1814.08879368
0.317727976117 -1.0
0.422082416691 329.253212435
0.560710985092 421.613039786
0.744870661203 239.356691536
0.989515662566 127.156553086
1.31451176353 42.7326095486
1.74624944489 31.6451019356
2.31978686565 14.914190911
3.08169667157 12.5765413596
4.09384780825 5.87697353357
5.43842943133 3.63169117406
7.22462486758 1.70008094535
9.5974775689 1.05064448827
12.7496689965 0.581670569918
16.9371648283 0.10400347754
22.5 -1.0
