0.0767973856209 7346.26982102
0.102020686106 2012.50592179
0.135528316613 1225.9573282
0.180041178952 627.03708989
0.239173826758 490.135486735
0.317727976117 294.199022897
0.422082416691 145.227922612
0.560710985092 90.8286641761
0.744870661203 52.2119875992
0.989515662566 33.9924661538
1.31451176353 20.380767179
1.74624944489 13.8559528308
2.31978686565 6.82934289125
3.08169667157 3.93640818528
4.09384780825 2.44115317444
5.43842943133 1.18941659534
7.22462486758 0.589178529913
9.5974775689 0.360234195079
12.7496689965 0.179734275863
16.9371648283 0.0474918273991
22.5 -0.0104323753436
