0.0767973856209 2516.22855799
0.102020686106 773.797804342
0.135528316613 439.658047266
0.180041178952 169.343008335
0.239173826758 224.498372623
0.317727976117 110.149836839
0.422082416691 58.2643369918
0.560710985092 38.280412059
0.744870661203 23.9669647885
0.989515662566 16.7967961483
1.31451176353 9.458795301
1.74624944489 6.75729063495
2.31978686565 4.11027153344
3.08169667157 2.65214744227
4.09384780825 1.54260695116
5.43842943133 0.890575153572
7.22462486758 0.519596612893
9.5974775689 0.253417171519
12.7496689965 0.130782159188
16.9371648283 0.0580654304269
22.5 -0.0162276511406
