0.0767973856209 138.245324904
0.102020686106 54.1209568964
0.135528316613 34.4975064348
0.180041178952 22.8550620604
0.239173826758 15.1828860025
0.317727976117 10.38437397
0.422082416691 7.28859988147
0.560710985092 5.07557987051
0.744870661203 3.56540802535
0.989515662566 2.58270270495
1.31451176353 1.87519042078
1.74624944489 1.33456943113
2.31978686565 0.951870283935
3.08169667157 0.677421650869
4.09384780825 0.474356680624
5.43842943133 0.314603080435
7.22462486758 0.188601358405
9.5974775689 0.0982301760854
12.7496689965 0.0488581317961
16.9371648283 0.0175716875038
22.5 -0.00900242923173
