0.0767973856209 18578.3794569
0.102020686106 2302.36327042
0.135528316613 3929.0404126
0.180041178952 418.094163387
0.239173826758 177.766525883
0.317727976117 75.2536765435
0.422082416691 161.631766705
0.560710985092 68.3713214641
0.744870661203 70.0175681788
0.989515662566 24.2440562072
1.31451176353 19.459137781
1.74624944489 18.7504397312
2.31978686565 6.05318706219
3.08169667157 3.84713909615
4.09384780825 2.74301334759
5.43842943133 1.96511318328
7.22462486758 1.25066432393
9.5974775689 0.53826313191
12.7496689965 0.383114196561
16.9371648283 0.129608281296
22.5 0.0100594023579
