0.0767973856209 889.854589802
0.102020686106 324.909118106
0.135528316613 176.548513378
0.180041178952 110.891914447
0.239173826758 71.9099976893
0.317727976117 44.0233637878
0.422082416691 29.2972426413
0.560710985092 18.1522662963
0.744870661203 12.0229041561
0.989515662566 7.69994949947
1.31451176353 5.38150650096
1.74624944489 3.63283489391
2.31978686565 2.39462562943
3.08169667157 1.65516517043
4.09384780825 1.07855500235
5.43842943133 0.683973336817
7.22462486758 0.393422680741
9.5974775689 0.209918747288
12.7496689965 0.107761724111
16.9371648283 0.0348056062368
22.5 -0.0212241154544
