0.0767973856209 2638.15923478
0.102020686106 1017.83731529
0.135528316613 698.583421647
0.180041178952 401.402034692
0.239173826758 242.005047294
0.317727976117 143.787811758
0.422082416691 83.5689555352
0.560710985092 51.2388898418
0.744870661203 29.1359646842
0.989515662566 17.6827930434
1.31451176353 11.070015352
1.74624944489 6.98293150561
2.31978686565 4.67314601732
3.08169667157 2.97337073166
4.09384780825 1.66631727047
5.43842943133 0.915563236158
7.22462486758 0.578064912805
9.5974775689 0.272298365047
12.7496689965 0.158769826181
16.9371648283 0.0428433496005
22.5 -0.0231882942815
