0.0767973856209 260.882490894
0.102020686106 97.1214800161
0.135528316613 61.7568705653
0.180041178952 37.7943267569
0.239173826758 23.7486638571
0.317727976117 15.2880868391
0.422082416691 10.2132911406
0.560710985092 6.95631066903
0.744870661203 4.83863645615
0.989515662566 3.38923907974
1.31451176353 2.35254181441
1.74624944489 1.65885078945
2.31978686565 1.15521987172
3.08169667157 0.819220074001
4.09384780825 0.571098244674
5.43842943133 0.377138580455
7.22462486758 0.223392090327
9.5974775689 0.117424464536
12.7496689965 0.0578839366511
16.9371648283 0.0199619725826
22.5 -0.0106156742174
