0.0767973856209 1263.81008822
0.102020686106 469.411367831
0.135528316613 289.105224155
0.180041178952 181.524916117
0.239173826758 97.5306838813
0.317727976117 66.7337730659
0.422082416691 36.9359527571
0.560710985092 24.228514554
0.744870661203 15.5570246023
0.989515662566 10.3111396122
1.31451176353 7.10230310145
1.74624944489 4.62600980413
2.31978686565 2.94342407662
3.08169667157 1.99732010852
4.09384780825 1.24346324499
5.43842943133 0.792507778527
7.22462486758 0.455376209151
9.5974775689 0.219932975289
12.7496689965 0.118406965779
16.9371648283 0.0427262416923
22.5 -0.0155131477859
