0.0767973856209 286.524175471
0.102020686106 103.910072618
0.135528316613 65.7336175043
0.180041178952 42.8951720081
0.239173826758 27.9730319882
0.317727976117 18.0371291061
0.422082416691 12.4092495456
0.560710985092 8.39456414593
0.744870661203 5.71524455987
0.989515662566 4.01181978408
1.31451176353 2.84213815455
1.74624944489 1.99240940641
2.31978686565 1.39239542001
3.08169667157 0.97567761905
4.09384780825 0.663139045926
5.43842943133 0.433963579351
7.22462486758 0.259817472093
9.5974775689 0.136733268295
12.7496689965 0.0715704630676
16.9371648283 0.0254653396124
22.5 -0.0121884596009
