0.0767973856209 601.319390997
0.102020686106 230.242479171
0.135528316613 149.132128403
0.180041178952 88.949262559
0.239173826758 54.8863679907
0.317727976117 33.3928582147
0.422082416691 21.4198272303
0.560710985092 13.7123437901
0.744870661203 9.06108365376
0.989515662566 6.12689031526
1.31451176353 4.12218817358
1.74624944489 2.78618105699
2.31978686565 1.88657277316
3.08169667157 1.30480153219
4.09384780825 0.890697709927
5.43842943133 0.58496033197
7.22462486758 0.338456623254
9.5974775689 0.182246481707
12.7496689965 0.0965675900609
16.9371648283 0.029272475485
22.5 -0.0139359336591
