0.0767973856209 1782.01091867
0.102020686106 421.873115853
0.135528316613 326.960827789
0.180041178952 187.855801291
0.239173826758 128.786765884
0.317727976117 77.2691931748
0.422082416691 46.5005219586
0.560710985092 28.7555542502
0.744870661203 17.9644709996
0.989515662566 11.8713857581
1.31451176353 7.83308076964
1.74624944489 4.78775606519
2.31978686565 3.09885158316
3.08169667157 2.06019474942
4.09384780825 1.42951502927
5.43842943133 0.820508539271
7.22462486758 0.498154507878
9.5974775689 0.250776512625
12.7496689965 0.146011446005
16.9371648283 0.0585126298927
22.5 -0.0113580582037
