0.0767973856209 2320.1057116
0.102020686106 689.617206709
0.135528316613 1079.1483652
0.180041178952 711.056141428
0.239173826758 258.064500012
0.317727976117 136.178798773
0.422082416691 75.3935936732
0.560710985092 46.8390735852
0.744870661203 30.0525705271
0.989515662566 16.0300770909
1.31451176353 11.3761415841
1.74624944489 6.96455463018
2.31978686565 4.55123569774
3.08169667157 2.68758381018
4.09384780825 1.70412993103
5.43842943133 0.971822116672
7.22462486758 0.503913782927
9.5974775689 0.255489897101
12.7496689965 0.167962720521
16.9371648283 0.0889709833958
22.5 -0.00583582744585
