0.0767973856209 288.174670776
0.102020686106 104.643161087
0.135528316613 66.2360628658
0.180041178952 43.0630193928
0.239173826758 28.1399994173
0.317727976117 18.1475820829
0.422082416691 12.4568198696
0.560710985092 8.4342147954
0.744870661203 5.74308919594
0.989515662566 4.03284328016
1.31451176353 2.85548447009
1.74624944489 1.99895068407
2.31978686565 1.39726838018
3.08169667157 0.979113722136
4.09384780825 0.664672377242
5.43842943133 0.434264759026
7.22462486758 0.260364128999
9.5974775689 0.137101210451
12.7496689965 0.0718728149177
16.9371648283 0.0255099214901
22.5 -0.0122102227317
