0.0767973856209 4496.24405218
0.102020686106 13380.0110831
0.135528316613 2852.86563821
0.180041178952 1824.99409649
0.239173826758 1037.51480782
0.317727976117 552.729031836
0.422082416691 140.717385661
0.560710985092 220.650721927
0.744870661203 93.5461258589
0.989515662566 57.6604814324
1.31451176353 17.7664218243
1.74624944489 19.0122569452
2.31978686565 7.82086340916
3.08169667157 6.28241193185
4.09384780825 5.36800931488
5.43842943133 2.46715149761
7.22462486758 1.20426401754
9.5974775689 0.526883627048
12.7496689965 0.297456507627
16.9371648283 0.0717796014732
22.5 0.0372139504258
