0.0767973856209 3099.71453222
0.102020686106 1176.76230802
0.135528316613 794.434812301
0.180041178952 436.513708375
0.239173826758 227.518530733
0.317727976117 132.216682051
0.422082416691 85.6222302022
0.560710985092 47.7728214649
0.744870661203 29.765101316
0.989515662566 20.1366259245
1.31451176353 10.6771129471
1.74624944489 7.25913819386
2.31978686565 4.73526654782
3.08169667157 3.07555965355
4.09384780825 1.69387374566
5.43842943133 0.959630640401
7.22462486758 0.553076669545
9.5974775689 0.295353964383
12.7496689965 0.169343386185
16.9371648283 0.0408520505533
22.5 -0.0160210363191
