0.0767973856209 121.897795659
0.102020686106 50.831875146
0.135528316613 32.1688301155
0.180041178952 20.9419868998
0.239173826758 13.8495327473
0.317727976117 9.45310820165
0.422082416691 6.5480122323
0.560710985092 4.61692335621
0.744870661203 3.28864236608
0.989515662566 2.38279522178
1.31451176353 1.71731292605
1.74624944489 1.23116658519
2.31978686565 0.872896237105
3.08169667157 0.623572341337
4.09384780825 0.439080927521
5.43842943133 0.2922700488
7.22462486758 0.173985605724
9.5974775689 0.0904820443927
12.7496689965 0.0445703512712
16.9371648283 0.0156225176051
22.5 -0.00833027969765
