0.0767973856209 7514.84414197
0.102020686106 2352.94675157
0.135528316613 1254.10839703
0.180041178952 641.446649976
0.239173826758 547.077094432
0.317727976117 300.972011509
0.422082416691 152.738029326
0.560710985092 92.9355630765
0.744870661203 54.9448972802
0.989515662566 35.4402872863
1.31451176353 21.0088788097
1.74624944489 14.6075293623
2.31978686565 7.00897780239
3.08169667157 4.06034399988
4.09384780825 2.51555249498
5.43842943133 1.24936241419
7.22462486758 0.609897636772
9.5974775689 0.397451405765
12.7496689965 0.174690837874
16.9371648283 0.0472820396685
22.5 -0.0121679471623
