0.0767973856209 254.517455565
0.102020686106 92.2066473084
0.135528316613 58.5100907212
0.180041178952 38.2677152981
0.239173826758 24.8018497988
0.317727976117 16.3605993861
0.422082416691 11.0936871616
0.560710985092 7.5656381974
0.744870661203 5.17145861191
0.989515662566 3.62966397477
1.31451176353 2.57243005799
1.74624944489 1.78666160319
2.31978686565 1.25416789762
3.08169667157 0.885460040022
4.09384780825 0.609278265866
5.43842943133 0.401089251057
7.22462486758 0.23995655739
9.5974775689 0.12508924248
12.7496689965 0.0645130958509
16.9371648283 0.023446174652
22.5 -0.0116055460594
