0.0767973856209 1777.91931554
0.102020686106 411.623333258
0.135528316613 351.012727586
0.180041178952 221.640111954
0.239173826758 113.845210317
0.317727976117 75.7788742631
0.422082416691 46.8195715322
0.560710985092 28.0538044595
0.744870661203 17.0960212537
0.989515662566 11.1319911091
1.31451176353 7.68700859021
1.74624944489 5.15689001481
2.31978686565 3.21410173663
3.08169667157 2.20894181723
4.09384780825 1.44822931773
5.43842943133 0.863834492743
7.22462486758 0.487525632163
9.5974775689 0.245061105835
12.7496689965 0.146328013651
16.9371648283 0.0650570872098
22.5 -0.011088795062
