0.0767973856209 827.820524396
0.102020686106 264.00357
0.135528316613 165.049630466
0.180041178952 97.5401919461
0.239173826758 63.7276259885
0.317727976117 36.41146647
0.422082416691 25.4877515881
0.560710985092 15.6523099216
0.744870661203 10.6627010792
0.989515662566 7.03602627203
1.31451176353 4.88530759475
1.74624944489 3.3012776272
2.31978686565 2.18387012651
3.08169667157 1.4923041005
4.09384780825 0.967190114064
5.43842943133 0.609782978423
7.22462486758 0.364394983175
9.5974775689 0.195245714928
12.7496689965 0.101111282957
16.9371648283 0.0287235982656
22.5 -0.0176215776808
