0.0767973856209 1769.94319754
0.102020686106 399.91962784
0.135528316613 324.741133132
0.180041178952 190.051252242
0.239173826758 127.90834698
0.317727976117 77.3714820455
0.422082416691 46.718219266
0.560710985092 29.2441440718
0.744870661203 18.1794829369
0.989515662566 11.9516581813
1.31451176353 7.81792208857
1.74624944489 4.80949569139
2.31978686565 3.09871610811
3.08169667157 2.07758026841
4.09384780825 1.42400390416
5.43842943133 0.819277880205
7.22462486758 0.499196761037
9.5974775689 0.251965182908
12.7496689965 0.146549768234
16.9371648283 0.0589129046685
22.5 -0.0112240736656
