0.0767973856209 10335.9207307
0.102020686106 2956.3336226
0.135528316613 1512.75696569
0.180041178952 967.549901531
0.239173826758 641.661251162
0.317727976117 233.968645426
0.422082416691 140.988174688
0.560710985092 113.006029521
0.744870661203 46.1101106145
0.989515662566 39.8382917321
1.31451176353 22.5028501251
1.74624944489 12.9174029134
2.31978686565 7.80417830464
3.08169667157 5.80275187349
4.09384780825 2.46927851052
5.43842943133 1.57702409523
7.22462486758 0.787099993787
9.5974775689 0.337036730217
12.7496689965 0.192457867669
16.9371648283 0.0587899741143
22.5 0.0145309604958
