0.0767973856209 1660.28938634
0.102020686106 565.912522451
0.135528316613 409.277384709
0.180041178952 244.703351086
0.239173826758 138.411601045
0.317727976117 84.4042370557
0.422082416691 52.3400815268
0.560710985092 32.150288468
0.744870661203 19.9814830384
0.989515662566 12.5572614146
1.31451176353 7.91259247922
1.74624944489 5.22524749997
2.31978686565 3.29167198303
3.08169667157 2.29518426946
4.09384780825 1.42047302399
5.43842943133 0.848704378626
7.22462486758 0.530116282507
9.5974775689 0.269962523656
12.7496689965 0.152764382268
16.9371648283 0.0542552044142
22.5 -0.018899607277
