0.0767973856209 13215.390684
0.102020686106 9829.94691821
0.135528316613 4192.43522349
0.180041178952 1787.72891085
0.239173826758 761.990471054
0.317727976117 975.37119083
0.422082416691 415.475582352
0.560710985092 295.082597008
0.744870661203 175.813534074
0.989515662566 128.292489688
1.31451176353 54.1503008713
1.74624944489 42.128455784
2.31978686565 22.4139047174
3.08169667157 7.2038599722
4.09384780825 4.78160726249
5.43842943133 2.43965946052
7.22462486758 1.46379274802
9.5974775689 1.29081745463
12.7496689965 0.55640214497
16.9371648283 0.19457307142
22.5 -1.0
