0.0767973856209 52.6607225026
0.102020686106 23.692621345
0.135528316613 15.6645293821
0.180041178952 10.4813773475
0.239173826758 7.17237225533
0.317727976117 5.02438873462
0.422082416691 3.59467472487
0.560710985092 2.61363150576
0.744870661203 1.92086706886
0.989515662566 1.41328735112
1.31451176353 1.03933063047
1.74624944489 0.760519074426
2.31978686565 0.551820319083
3.08169667157 0.399354371928
4.09384780825 0.28150293884
5.43842943133 0.187568942891
7.22462486758 0.11350790376
9.5974775689 0.0612361897877
12.7496689965 0.0300876905474
16.9371648283 0.00956349051807
22.5 -0.00567125428873
