0.0767973856209 2325.63544332
0.102020686106 691.262512157
0.135528316613 1081.72167784
0.180041178952 712.752522343
0.239173826758 258.681687405
0.317727976117 136.505609375
0.422082416691 75.5755914495
0.560710985092 46.9530439405
0.744870661203 30.1265492276
0.989515662566 15.944199777
1.31451176353 11.4056261277
1.74624944489 6.98352914312
2.31978686565 4.56446079299
3.08169667157 2.69218284945
4.09384780825 1.71057216801
5.43842943133 0.971188073329
7.22462486758 0.505872203817
9.5974775689 0.257095098486
12.7496689965 0.168735376346
16.9371648283 0.089220302667
22.5 -0.00671556773543
