0.0767973856209 560.934986362
0.102020686106 203.308053477
0.135528316613 122.670923428
0.180041178952 78.5999986262
0.239173826758 50.1699940057
0.317727976117 31.0213447955
0.422082416691 20.3210476517
0.560710985092 13.0260902915
0.744870661203 8.77727795308
0.989515662566 5.83588204214
1.31451176353 4.15071303319
1.74624944489 2.85031686952
2.31978686565 1.94378678729
3.08169667157 1.31940924721
4.09384780825 0.873261166972
5.43842943133 0.542468611074
7.22462486758 0.326671429203
9.5974775689 0.177377514421
12.7496689965 0.092596649311
16.9371648283 0.0304864868048
22.5 -0.0159105046487
