0.0767973856209 170.713941939
0.102020686106 71.8136206565
0.135528316613 45.3645167418
0.180041178952 28.6842158131
0.239173826758 18.4917174086
0.317727976117 12.0850133839
0.422082416691 8.09078404254
0.560710985092 5.59740186479
0.744870661203 3.91278068348
0.989515662566 2.80124048209
1.31451176353 1.98469375351
1.74624944489 1.40994457333
2.31978686565 0.986641272959
3.08169667157 0.704085190996
4.09384780825 0.493672337854
5.43842943133 0.326924239265
7.22462486758 0.192029289544
9.5974775689 0.0983301014135
12.7496689965 0.0474729604306
16.9371648283 0.016860024183
22.5 -0.00905806857313
