0.0767973856209 509.994806117
0.102020686106 183.838859082
0.135528316613 119.982837169
0.180041178952 72.6051416973
0.239173826758 46.5668060098
0.317727976117 28.7369582541
0.422082416691 19.6751712956
0.560710985092 12.8125259938
0.744870661203 8.40217555346
0.989515662566 5.81882062162
1.31451176353 4.00442322824
1.74624944489 2.7344994783
2.31978686565 1.87292949204
3.08169667157 1.28791018158
4.09384780825 0.868367702177
5.43842943133 0.560133861992
7.22462486758 0.329983448807
9.5974775689 0.171561000704
12.7496689965 0.0864122242206
16.9371648283 0.0308520822082
22.5 -0.0142345492493
