0.0767973856209 113.878257122
0.102020686106 45.8691663091
0.135528316613 29.0865093188
0.180041178952 18.485433355
0.239173826758 12.1735920704
0.317727976117 8.19603004111
0.422082416691 5.64544072199
0.560710985092 3.96827414775
0.744870661203 2.83814066212
0.989515662566 2.0489036825
1.31451176353 1.47281668778
1.74624944489 1.0611990491
2.31978686565 0.756399546708
3.08169667157 0.543131931592
4.09384780825 0.38095136067
5.43842943133 0.252925299013
7.22462486758 0.150309636656
9.5974775689 0.0790820017388
12.7496689965 0.0385537835153
16.9371648283 0.0133866676175
22.5 -0.00727505784735
