0.0767973856209 340.041812979
0.102020686106 143.376138236
0.135528316613 88.3826323036
0.180041178952 53.3468997507
0.239173826758 32.9156101459
0.317727976117 20.4572683358
0.422082416691 13.5846511752
0.560710985092 9.00329560004
0.744870661203 6.09302023587
0.989515662566 4.2544157985
1.31451176353 2.94332460242
1.74624944489 2.02858245996
2.31978686565 1.39609806691
3.08169667157 0.990871755847
4.09384780825 0.681616060257
5.43842943133 0.45049270723
7.22462486758 0.262596048393
9.5974775689 0.134944858985
12.7496689965 0.0680780071744
16.9371648283 0.0240738354739
22.5 -0.0121517099407
