0.0767973856209 1598.652542
0.102020686106 371.737766969
0.135528316613 310.870872198
0.180041178952 163.331105115
0.239173826758 119.164883445
0.317727976117 69.7155087414
0.422082416691 41.9179382225
0.560710985092 28.6190890235
0.744870661203 16.1279393935
0.989515662566 11.2395150306
1.31451176353 7.551691282
1.74624944489 4.71749670882
2.31978686565 3.02040183387
3.08169667157 2.05897749816
4.09384780825 1.4230484474
5.43842943133 0.84472095416
7.22462486758 0.505524517381
9.5974775689 0.245477580249
12.7496689965 0.147973891916
16.9371648283 0.0570193845202
22.5 -0.00882371581827
