0.0767973856209 251.405001059
0.102020686106 96.2704504968
0.135528316613 60.6067671823
0.180041178952 39.4177451784
0.239173826758 25.9831734714
0.317727976117 17.094422622
0.422082416691 11.7486516513
0.560710985092 7.93084704504
0.744870661203 5.44359863684
0.989515662566 3.8162837417
1.31451176353 2.71283351501
1.74624944489 1.90251370238
2.31978686565 1.33629075979
3.08169667157 0.940472423918
4.09384780825 0.649680915444
5.43842943133 0.426827523559
7.22462486758 0.255079334189
9.5974775689 0.133569224547
12.7496689965 0.0681154932563
16.9371648283 0.0252150128269
22.5 -0.0126188258094
