0.0767973856209 3962.6009508
0.102020686106 490.384164356
0.135528316613 418.204310677
0.180041178952 475.836025898
0.239173826758 151.54743542
0.317727976117 145.407058964
0.422082416691 96.1453753118
0.560710985092 41.4244170376
0.744870661203 29.3008290896
0.989515662566 16.5923022813
1.31451176353 11.9407037567
1.74624944489 6.0223785711
2.31978686565 4.61468520704
3.08169667157 2.9401112285
4.09384780825 1.89491385766
5.43842943133 1.10095586648
7.22462486758 0.558961596387
9.5974775689 0.306158776371
12.7496689965 0.178327276992
16.9371648283 0.0777657717015
22.5 -0.00536251746644
