0.0767973856209 94.6627949755
0.102020686106 39.2334535654
0.135528316613 25.2115414458
0.180041178952 16.3888152079
0.239173826758 10.9121383154
0.317727976117 7.41082300667
0.422082416691 5.165057309
0.560710985092 3.66821245942
0.744870661203 2.63382594586
0.989515662566 1.91093032865
1.31451176353 1.38614416139
1.74624944489 1.00270257905
2.31978686565 0.717492866751
3.08169667157 0.515514706638
4.09384780825 0.36322028615
5.43842943133 0.242342982035
7.22462486758 0.144343754721
9.5974775689 0.0761735115835
12.7496689965 0.037271509312
16.9371648283 0.0128683175136
22.5 -0.00697190550972
