   -4.828824000000000        -13.91529500000000     
   -4.814348000000000        -13.85738900000000     
   -4.799871000000000        -13.79948800000000     
   -4.785395000000000        -13.74157900000000     
   -4.770919000000000        -13.68368000000000     
   -4.756443000000000        -13.62577400000000     
   -4.741966000000000        -13.56786500000000     
   -4.727490000000000        -13.50996000000000     
   -4.713014000000000        -13.45205500000000     
   -4.698537000000000        -13.39414400000000     
   -4.684061000000000        -13.33624500000000     
   -4.669585000000000        -13.27833700000000     
   -4.655108000000000        -13.22043200000000     
   -4.640632000000000        -13.16252900000000     
   -4.626156000000000        -13.10462000000000     
   -4.611680000000000        -13.04671900000000     
   -4.597203000000000        -12.98880600000000     
   -4.582727000000000        -12.93090200000000     
   -4.568251000000000        -12.87299900000000     
   -4.553774000000000        -12.81509800000000     
   -4.539298000000000        -12.75718900000000     
   -4.524822000000000        -12.69928400000000     
   -4.510345000000000        -12.64138000000000     
   -4.495869000000000        -12.58347500000000     
   -4.481393000000000        -12.52557400000000     
   -4.466917000000000        -12.46766700000000     
   -4.452440000000000        -12.40976100000000     
   -4.437964000000000        -12.35185200000000     
   -4.423488000000000        -12.29395100000000     
   -4.409011000000000        -12.23604400000000     
   -4.394535000000000        -12.17813900000000     
   -4.380059000000000        -12.12023700000000     
   -4.365582000000000        -12.06233200000000     
   -4.351106000000000        -12.00442500000000     
   -4.336630000000000        -11.94652400000000     
   -4.322154000000000        -11.88861800000000     
   -4.307677000000000        -11.83071700000000     
   -4.293201000000000        -11.77281200000000     
   -4.278725000000000        -11.71491100000000     
   -4.264248000000000        -11.65700900000000     
   -4.249772000000000        -11.59910200000000     
   -4.235296000000000        -11.54120100000000     
   -4.220819000000000        -11.48329900000000     
   -4.206343000000000        -11.42539600000000     
   -4.191867000000000        -11.36749100000000     
   -4.177391000000000        -11.30959100000000     
   -4.162914000000000        -11.25168800000000     
   -4.148438000000000        -11.19378700000000     
   -4.133962000000000        -11.13588900000000     
   -4.119485000000000        -11.07798800000000     
   -4.105009000000000        -11.02008600000000     
   -4.090533000000000        -10.96218300000000     
   -4.076056000000000        -10.90428700000000     
   -4.061580000000000        -10.84638800000000     
   -4.047104000000000        -10.78848800000000     
   -4.032628000000000        -10.73058900000000     
   -4.018151000000000        -10.67269300000000     
   -4.003675000000000        -10.61479600000000     
   -3.989198000000000        -10.55689200000000     
   -3.974722000000000        -10.49899900000000     
   -3.960245000000000        -10.44111300000000     
   -3.945769000000000        -10.38321100000000     
   -3.931292000000000        -10.32532500000000     
   -3.916816000000000        -10.26742600000000     
   -3.902339000000000        -10.20953600000000     
   -3.887863000000000        -10.15164800000000     
   -3.873386000000000        -10.09376100000000     
   -3.858910000000000        -10.03587000000000     
   -3.844433000000000        -9.977978000000000     
   -3.829957000000000        -9.920090000000000     
   -3.815480000000000        -9.862206000000000     
   -3.801003000000000        -9.804321000000000     
   -3.786527000000000        -9.746445000000000     
   -3.772050000000000        -9.688559000000000     
   -3.757574000000000        -9.630686000000001     
   -3.743097000000000        -9.572808999999999     
   -3.728621000000000        -9.514931000000001     
   -3.714144000000000        -9.457062000000001     
   -3.699668000000000        -9.399184999999999     
   -3.685191000000000        -9.341320000000000     
   -3.670715000000000        -9.283448999999999     
   -3.656238000000000        -9.225588000000000     
   -3.641762000000000        -9.167730000000001     
   -3.627285000000000        -9.109875000000001     
   -3.612808000000000        -9.052019000000000     
   -3.598332000000000        -8.994168999999999     
   -3.583855000000000        -8.936323000000000     
   -3.569379000000000        -8.878477000000000     
   -3.554902000000000        -8.820641000000000     
   -3.540426000000000        -8.762803999999999     
   -3.525949000000000        -8.704974999999999     
   -3.511473000000000        -8.647152000000000     
   -3.496996000000000        -8.589333999999999     
   -3.482520000000000        -8.531518999999999     
   -3.468043000000000        -8.473713000000000     
   -3.453567000000000        -8.415907000000001     
   -3.439090000000000        -8.358110000000000     
   -3.424613000000000        -8.300323000000001     
   -3.410137000000000        -8.242542000000000     
   -3.395660000000000        -8.184768999999999     
   -3.381184000000000        -8.127008000000000     
   -3.366707000000000        -8.069248000000000     
   -3.352231000000000        -8.011502999999999     
   -3.337754000000000        -7.953766000000000     
   -3.323278000000000        -7.896038000000000     
   -3.308801000000000        -7.838323000000000     
   -3.294325000000000        -7.780614000000000     
   -3.279848000000000        -7.722922000000000     
   -3.265372000000000        -7.665241000000000     
   -3.250895000000000        -7.607574000000000     
   -3.236418000000000        -7.549919000000000     
   -3.221942000000000        -7.492282000000000     
   -3.207465000000000        -7.434659000000000     
   -3.192989000000000        -7.377047000000000     
   -3.178512000000000        -7.319456000000000     
   -3.164036000000000        -7.261882000000000     
   -3.149559000000000        -7.204324000000000     
   -3.135083000000000        -7.146785000000000     
   -3.120606000000000        -7.089270000000000     
   -3.106130000000000        -7.031768000000000     
   -3.091653000000000        -6.974293000000000     
   -3.077177000000000        -6.916842000000000     
   -3.062700000000000        -6.859411000000000     
   -3.048223000000000        -6.802006000000000     
   -3.033747000000000        -6.744623000000000     
   -3.019270000000000        -6.687272000000000     
   -3.004794000000000        -6.629943000000000     
   -2.990317000000000        -6.572647000000000     
   -2.975841000000000        -6.515379000000000     
   -2.961364000000000        -6.458150000000000     
   -2.946888000000000        -6.400944000000000     
   -2.932411000000000        -6.343768000000000     
   -2.917935000000000        -6.286639000000000     
   -2.903458000000000        -6.229539000000000     
   -2.888982000000000        -6.172487000000000     
   -2.874505000000000        -6.115469000000000     
   -2.860029000000000        -6.058495000000000     
   -2.845552000000000        -6.001559000000000     
   -2.831075000000000        -5.944676000000000     
   -2.816599000000000        -5.887836000000000     
   -2.802122000000000        -5.831053000000000     
   -2.787646000000000        -5.774311000000000     
   -2.773169000000000        -5.717628000000000     
   -2.758693000000000        -5.660992000000000     
   -2.744216000000000        -5.604418000000000     
   -2.729740000000000        -5.547907000000000     
   -2.715263000000000        -5.491447000000000     
   -2.700787000000000        -5.435062000000000     
   -2.686310000000000        -5.378742000000000     
   -2.671834000000000        -5.322481000000000     
   -2.657357000000000        -5.266300000000000     
   -2.642880000000000        -5.210190000000000     
   -2.628404000000000        -5.154160000000000     
   -2.613927000000000        -5.098207000000000     
   -2.599451000000000        -5.042334000000000     
   -2.584974000000000        -4.986544000000000     
   -2.570498000000000        -4.930843000000000     
   -2.556021000000000        -4.875242000000000     
   -2.541545000000000        -4.819721000000000     
   -2.527068000000000        -4.764303000000000     
   -2.512592000000000        -4.708988000000000     
   -2.498115000000000        -4.653776000000000     
   -2.483639000000000        -4.598669000000000     
   -2.469162000000000        -4.543669000000000     
   -2.454685000000000        -4.488791000000000     
   -2.440209000000000        -4.434029000000000     
   -2.425732000000000        -4.379387000000000     
   -2.411256000000000        -4.324871000000000     
   -2.396779000000000        -4.270481000000000     
   -2.382303000000000        -4.216230000000000     
   -2.367826000000000        -4.162117000000000     
   -2.353350000000000        -4.108143000000000     
   -2.338873000000000        -4.054319000000000     
   -2.324397000000000        -4.000645000000000     
   -2.309920000000000        -3.947132000000000     
   -2.295444000000000        -3.893776000000000     
   -2.280967000000000        -3.840586000000000     
   -2.266490000000000        -3.787567000000000     
   -2.252014000000000        -3.734732000000000     
   -2.237537000000000        -3.682070000000000     
   -2.223061000000000        -3.629601000000000     
   -2.208584000000000        -3.577333000000000     
   -2.194108000000000        -3.525257000000000     
   -2.179631000000000        -3.473396000000000     
   -2.165155000000000        -3.421747000000000     
   -2.150678000000000        -3.370319000000000     
   -2.136202000000000        -3.319118000000000     
   -2.121725000000000        -3.268156000000000     
   -2.107249000000000        -3.217440000000000     
   -2.092772000000000        -3.166977000000000     
   -2.078295000000000        -3.116779000000000     
   -2.063819000000000        -3.066849000000000     
   -2.049342000000000        -3.017199000000000     
   -2.034866000000000        -2.967848000000000     
   -2.020389000000000        -2.918791000000000     
   -2.005913000000000        -2.870049000000000     
   -1.991436000000000        -2.821632000000000     
   -1.976960000000000        -2.773554000000000     
   -1.962483000000000        -2.725834000000000     
   -1.948007000000000        -2.678476000000000     
   -1.933530000000000        -2.631485000000000     
   -1.919054000000000        -2.584900000000000     
   -1.904577000000000        -2.538719000000000     
   -1.890100000000000        -2.492956000000000     
   -1.875624000000000        -2.447657000000000     
   -1.861147000000000        -2.402797000000000     
   -1.846671000000000        -2.358433000000000     
   -1.832194000000000        -2.314556000000000     
   -1.817718000000000        -2.271210000000000     
   -1.803241000000000        -2.228398000000000     
   -1.788765000000000        -2.186142000000000     
   -1.774288000000000        -2.144466000000000     
   -1.759812000000000        -2.103386000000000     
   -1.745335000000000        -2.062940000000000     
   -1.730859000000000        -2.023135000000000     
   -1.716382000000000        -1.984001000000000     
   -1.701905000000000        -1.945542000000000     
   -1.687429000000000        -1.907789000000000     
   -1.672952000000000        -1.870752000000000     
   -1.658476000000000        -1.834454000000000     
   -1.643999000000000        -1.798905000000000     
   -1.629523000000000        -1.764107000000000     
   -1.615046000000000        -1.730068000000000     
   -1.600570000000000        -1.696777000000000     
   -1.586093000000000        -1.664244000000000     
   -1.571617000000000        -1.632428000000000     
   -1.557140000000000        -1.601322000000000     
   -1.542664000000000        -1.570889000000000     
   -1.528187000000000        -1.541073000000000     
   -1.513710000000000        -1.511820000000000     
   -1.499234000000000        -1.483063000000000     
   -1.484757000000000        -1.454703000000000     
   -1.470281000000000        -1.426652000000000     
   -1.455804000000000        -1.398788000000000     
   -1.441328000000000        -1.370987000000000     
   -1.426851000000000        -1.343114000000000     
   -1.412375000000000        -1.315029000000000     
   -1.397898000000000        -1.286580000000000     
   -1.383422000000000        -1.257631000000000     
   -1.368945000000000        -1.228062000000000     
   -1.354469000000000        -1.197758000000000     
   -1.339992000000000        -1.166658000000000     
   -1.325516000000000        -1.134726000000000     
   -1.311039000000000        -1.101978000000000     
   -1.296562000000000        -1.068502000000000     
   -1.282086000000000        -1.034435000000000     
   -1.267609000000000       -0.9999890000000001     
   -1.253133000000000       -0.9654330000000000     
   -1.238656000000000       -0.9311010000000000     
   -1.224180000000000       -0.8973710000000001     
   -1.209703000000000       -0.8646490000000000     
   -1.195227000000000       -0.8333549999999999     
   -1.180750000000000       -0.8038850000000000     
   -1.166274000000000       -0.7765879999999999     
   -1.151797000000000       -0.7517450000000000     
   -1.137321000000000       -0.7295059999999999     
   -1.122844000000000       -0.7098620000000000     
   -1.108367000000000       -0.6926170000000001     
   -1.093891000000000       -0.6773380000000000     
   -1.079414000000000       -0.6633550000000001     
   -1.064938000000000       -0.6497650000000000     
   -1.050461000000000       -0.6355040000000000     
   -1.035985000000000       -0.6194290000000001     
   -1.021508000000000       -0.6005060000000000     
   -1.007032000000000       -0.5780220000000000     
  -0.9925552000000000       -0.5517290000000000     
  -0.9780787000000000       -0.5220490000000000     
  -0.9636022000000001       -0.4900399999999999     
  -0.9491258000000000       -0.4573100000000000     
  -0.9346493000000001       -0.4257350000000000     
  -0.9201727999999999       -0.3972340000000000     
  -0.9056963000000000       -0.3733270000000000     
  -0.8912198999999999       -0.3548810000000000     
  -0.8767434000000000       -0.3417450000000000     
  -0.8622669000000000       -0.3326440000000000     
  -0.8477904000000001       -0.3252260000000000     
  -0.8333139000000001       -0.3164540000000000     
  -0.8188375000000001       -0.3033350000000000     
  -0.8043609999999999       -0.2839950000000000     
  -0.7898845000000000       -0.2585160000000000     
  -0.7754080000000000       -0.2291850000000000     
  -0.7609316000000001       -0.1998140000000000     
  -0.7464551000000000       -0.1744060000000000     
  -0.7319786000000001       -0.1556630000000000     
  -0.7175021000000000       -0.1439020000000000     
  -0.7030256000000001       -0.1365990000000000     
  -0.6885491999999999       -0.1292000000000000     
  -0.6740727000000000       -0.1170350000000000     
  -0.6595962000000000       -9.7904000000000000E-002
  -0.6451197000000000       -7.3582000000000027E-002
  -0.6306431999999999       -4.8921999999999990E-002
  -0.6161668000000001       -2.8951999999999995E-002
  -0.6016903000000000       -1.5712999999999981E-002
  -0.5872138000000000       -6.8970000000000127E-003
  -0.5727373000000000        2.7200000000000202E-003
  -0.5582609000000000        1.7437000000000040E-002
  -0.5437843999999999        3.7082999999999968E-002
  -0.5293079000000001        5.7222000000000008E-002
  -0.5148314000000001        7.3276999999999948E-002
  -0.5003549000000000        8.4685999999999986E-002
  -0.4858785000000000        9.5285000000000011E-002
  -0.4714020000000000        0.1091100000000000     
  -0.4569255000000000        0.1260170000000000     
  -0.4424490000000000        0.1422290000000000     
  -0.4279726000000000        0.1552280000000000     
  -0.4134961000000000        0.1667080000000000     
  -0.3990196000000000        0.1798100000000000     
  -0.3845431000000000        0.1946280000000000     
  -0.3700666000000000        0.2085910000000000     
  -0.3555902000000000        0.2208060000000000     
  -0.3411137000000000        0.2330780000000000     
  -0.3266372000000000        0.2463910000000000     
  -0.3121607000000000        0.2594660000000000     
  -0.2976843000000000        0.2715930000000000     
  -0.2832078000000000        0.2837580000000000     
  -0.2687313000000000        0.2962930000000000     
  -0.2542548000000000        0.3084490000000000     
  -0.2397783000000000        0.3202670000000000     
  -0.2253019000000000        0.3321950000000000     
  -0.2108254000000000        0.3439920000000000     
  -0.1963489000000000        0.3555430000000000     
  -0.1818724000000000        0.3670790000000000     
  -0.1673959000000000        0.3784830000000000     
  -0.1529195000000000        0.3897210000000000     
  -0.1384430000000000        0.4008900000000001     
  -0.1239665000000000        0.4119280000000000     
  -0.1094900000000000        0.4228669999999999     
  -9.5013559000000001E-002   0.4336910000000000     
  -8.0537080999999997E-002   0.4444030000000000     
  -6.6060602999999993E-002   0.4550210000000000     
  -5.1584125000000007E-002   0.4655320000000000     
  -3.7107646000000001E-002   0.4759390000000000     
  -2.2631167000000003E-002   0.4862460000000000     
  -8.1546864999999986E-003   0.4964540000000000     
   6.3217933999999998E-003   0.5065610000000000     
   2.0798272999999998E-002   0.5165710000000000     
   3.5274750999999998E-002   0.5265010000000000     
   4.9751230000000000E-002   0.5363270000000000     
   6.4227707999999994E-002   0.5460680000000000     
   7.8704185999999998E-002   0.5557189999999999     
   9.3180663999999993E-002   0.5652790000000000     
   0.1076571000000000        0.5747430000000000     
   0.1221336000000000        0.5841310000000000     
   0.1366101000000000        0.5934490000000000     
   0.1510866000000000        0.6026650000000000     
   0.1655631000000000        0.6118050000000000     
   0.1800395000000000        0.6208570000000000     
   0.1945160000000000        0.6298390000000000     
   0.2089925000000000        0.6387460000000001     
   0.2234690000000000        0.6475619999999999     
   0.2379455000000000        0.6563070000000000     
   0.2524219000000000        0.6649840000000000     
   0.2668984000000000        0.6735780000000000     
   0.2813749000000000        0.6821020000000000     
   0.2958514000000000        0.6905520000000001     
   0.3103279000000000        0.6989290000000000     
   0.3248043000000000        0.7072370000000000     
   0.3392808000000000        0.7154730000000001     
   0.3537573000000000        0.7236460000000000     
   0.3682338000000000        0.7317500000000000     
   0.3827102000000000        0.7397860000000001     
   0.3971867000000000        0.7477549999999999     
   0.4116632000000000        0.7556610000000000     
   0.4261397000000001        0.7635100000000000     
   0.4406162000000000        0.7712860000000000     
   0.4550926000000000        0.7790049999999999     
   0.4695691000000000        0.7866630000000000     
   0.4840456000000001        0.7942710000000000     
   0.4985221000000000        0.8018110000000000     
   0.5129986000000000        0.8092960000000000     
   0.5274751000000000        0.8167210000000001     
   0.5419515000000001        0.8240910000000000     
   0.5564280000000000        0.8314040000000000     
   0.5709045000000001        0.8386649999999999     
   0.5853810000000000        0.8458629999999999     
   0.5998574000000000        0.8530120000000000     
   0.6143339000000000        0.8601039999999999     
   0.6288104000000000        0.8671440000000000     
   0.6432869000000000        0.8741299999999999     
   0.6577634000000000        0.8810689999999999     
   0.6722398000000000        0.8879510000000000     
   0.6867163000000000        0.8947889999999999     
   0.7011927999999999        0.9015770000000000     
   0.7156693000000000        0.9083190000000000     
   0.7301457999999999        0.9150089999999999     
   0.7446222000000001        0.9216560000000001     
   0.7590987000000000        0.9282550000000001     
   0.7735752000000000        0.9348089999999999     
   0.7880517000000000        0.9413169999999999     
   0.8025281000000000        0.9477790000000001     
   0.8170045999999999        0.9541929999999999     
   0.8314810999999999        0.9605639999999999     
   0.8459576000000000        0.9668920000000000     
   0.8604341000000000        0.9731690000000000     
   0.8749105000000000        0.9794140000000001     
   0.8893870000000000        0.9856110000000001     
   0.9038635000000001        0.9917719999999999     
   0.9183400000000001        0.9978890000000000     
   0.9328163999999999         1.003969000000000     
   0.9472929000000001         1.010008000000000     
   0.9617694000000000         1.016003000000000     
   0.9762459000000000         1.021961000000000     
   0.9907223999999999         1.027884000000000     
    1.005199000000000         1.033766000000000     
    1.019675000000000         1.039602000000000     
    1.034152000000000         1.045407855030074     
    1.048628000000000         1.051177117355137     
    1.063105000000000         1.056903388280344     
    1.077582000000000         1.062589312827051     
    1.092058000000000         1.068253253694714     
    1.106535000000000         1.073875051588088     
    1.121011000000000         1.079444825740480     
    1.135488000000000         1.084988538765517     
    1.149964000000000         1.090496149019113     
    1.164441000000000         1.095954325679444     
    1.178917000000000         1.101385462004592     
    1.193394000000000         1.106772689090126     
    1.207870000000000         1.112129596753850     
    1.222347000000000         1.117445264254465     
    1.236823000000000         1.122731915704828     
    1.251300000000000         1.127974819498600     
    1.265777000000000         1.133183501634038     
    1.280253000000000         1.138349887901496     
    1.294730000000000         1.143486275416619     
    1.309206000000000         1.148595457074153     
    1.323683000000000         1.153661379705251     
    1.338159000000000         1.158689969667538     
    1.352636000000000         1.163690781280366     
    1.367112000000000         1.168652690686848     
    1.381589000000000         1.173581043661250     
    1.396065000000000         1.178482536459341     
    1.410542000000000         1.183346534360979     
    1.425018000000000         1.188177556026267     
    1.439495000000000         1.192981657736733     
    1.453972000000000         1.197751830079861     
    1.468448000000000         1.202490963023295     
    1.482925000000000         1.207203559453504     
    1.497401000000000         1.211880878995169     
    1.511878000000000         1.216534462497957     
    1.526354000000000         1.221155830696691     
    1.540831000000000         1.225754623272357     
    1.555307000000000         1.230321592818793     
    1.569784000000000         1.234866419891870     
    1.584260000000000         1.239381715613365     
    1.598737000000000         1.243875550266452     
    1.613213000000000         1.248341051658842     
    1.627690000000000         1.252788181561328     
    1.642166000000000         1.257209087977347     
    1.656643000000000         1.261609113726754     
    1.671120000000000         1.265987435730515     
    1.685596000000000         1.270344140800889     
    1.688592000000000         1.271762991017296     
    1.703068000000000         1.276033969806308     
    1.717545000000000         1.280288502067946     
    1.732022000000000         1.284528494293802     
    1.746498000000000         1.288754996175327     
    1.760975000000000         1.292967906093361     
    1.775451000000000         1.297167406309743     
    1.789928000000000         1.301354599821149     
    1.804404000000000         1.305529948162480     
    1.818881000000000         1.309693624192300     
    1.833357000000000         1.313846066018287     
    1.847834000000000         1.317987125598880     
    1.862310000000000         1.322116881569093     
    1.876787000000000         1.326235088492248     
    1.891263000000000         1.330341192152677     
    1.905740000000000         1.334434684282649     
    1.920217000000000         1.338514619713051     
    1.934693000000000         1.342577987556679     
    1.949170000000000         1.346622520332557     
    1.963646000000000         1.350648337249977     
    1.978123000000000         1.354655557518226     
    1.992599000000000         1.358644538765175     
    2.007076000000000         1.362615400200111     
    2.021552000000000         1.366568261032326     
    2.036029000000000         1.370503121261818     
    2.050505000000000         1.374420457725746     
    2.064982000000000         1.378320270424110     
    2.079458000000000         1.382202559356910     
    2.093935000000000         1.386067801361305     
    2.108412000000000         1.389915877228004     
    2.122888000000000         1.393747025375587     
    2.137365000000000         1.397561365013344     
    2.151841000000000         1.401359134559852     
    2.166318000000000         1.405140453224403     
    2.180794000000000         1.408905321006996     
    2.195271000000000         1.412654095535499     
    2.209747000000000         1.416386657600624     
    2.224224000000000         1.420103364830238     
    2.238700000000000         1.423804336433632     
    2.253177000000000         1.427489572410805     
    2.267653000000000         1.431159311180336     
    2.282130000000000         1.434813552742225     
    2.296607000000000         1.438452535515053     
    2.311083000000000         1.442076497917396     
    2.325560000000000         1.445685320739967     
    2.340036000000000         1.449279242401344     
    2.354513000000000         1.452858382110817     
    2.368989000000000         1.456422859077675     
    2.383466000000000         1.459972792511207     
    2.397942000000000         1.463508301620704     
    2.412419000000000         1.467029505615455     
    2.426895000000000         1.470536523704750     
    2.441372000000000         1.474029475097877     
    2.455848000000000         1.477508479004127     
    2.470325000000000         1.480973535423500     
    2.484802000000000         1.484424882774574     
    2.499278000000000         1.487862640266640     
    2.513755000000000         1.491286807899696     
    2.528231000000000         1.494697504883034     
    2.542708000000000         1.498094969635231     
    2.557184000000000         1.501479202156288     
    2.571661000000000         1.504850202446205     
    2.586137000000000         1.508208328132850     
    2.600614000000000         1.511553460006935     
    2.615090000000000         1.514885836487037     
    2.629567000000000         1.518205338363869     
    2.644043000000000         1.521512323265297     
    2.658520000000000         1.524806791191322     
    2.672997000000000         1.528088742141945     
    2.687473000000000         1.531358414535744     
    2.701950000000000         1.534615808372719     
    2.716426000000000         1.537861162071449     
    2.730903000000000         1.541094356422645     
    2.745379000000000         1.544315510635597     
    2.759856000000000         1.547524743919594     
    2.774332000000000         1.550722294693214     
    2.788809000000000         1.553908043747169     
    2.803285000000000         1.557082229500038     
    2.817762000000000         1.560244732742531     
    2.832238000000000         1.563395911102516     
    2.846715000000000         1.566535645370704     
    2.861192000000000         1.569664173965675     
    2.875668000000000         1.572781377678139     
    2.890145000000000         1.575887375717384     
    2.904621000000000         1.578982406501991     
    2.919098000000000         1.582066470031959     
    2.933574000000000         1.585139566307289     
    2.948051000000000         1.588201933746559     
    2.962527000000000         1.591253453140480     
    2.977004000000000         1.594294362907631     
    2.991480000000000         1.597324543838722     
    3.005957000000000         1.600344353561622     
    3.020433000000000         1.603353553657753     
    3.034910000000000         1.606352501754982     
    3.049387000000000         1.609341078644020     
    3.063863000000000         1.612319403534157     
    3.078340000000000         1.615287476425392     
    3.092816000000000         1.618245535736305     
    3.107293000000000         1.621193581466896     
    3.121769000000000         1.624131613617164     
    3.136246000000000         1.627059870605690     
    3.150722000000000         1.629978114013893     
    3.165199000000000         1.632886701469642     
    3.179675000000000         1.635785513763649     
    3.194152000000000         1.638674670105202     
    3.208628000000000         1.641554289703590     
    3.223105000000000         1.644424372558815     
    3.237581000000000         1.647285037880165     
    3.252058000000000         1.650136404876930     
    3.266535000000000         1.652978235130531     
    3.281011000000000         1.655811005478126     
    3.295488000000000         1.658634477501137     
    3.309964000000000         1.661448770408851     
    3.324441000000000         1.664254003410560     
    3.338917000000000         1.667050176506264     
    3.353394000000000         1.669837408905250     
    3.367870000000000         1.672615819816810     
    3.382347000000000         1.675385290031654     
    3.396823000000000         1.678145938759071     
    3.411300000000000         1.680897885208351     
    3.425776000000000         1.683641129379494     
    3.440253000000000         1.686375671272499     
    3.454730000000000         1.689101749305946     
    3.469206000000000         1.691819244270546     
    3.483683000000000         1.694528156166298     
    3.498159000000000         1.697228842621071     
    3.512636000000000         1.699921065216285     
    3.527112000000000         1.702604943161232     
    3.541589000000000         1.705280595665199     
    3.556065000000000         1.707948022728187     
    3.570542000000000         1.710607224350197     
    3.585018000000000         1.713258438949806     
    3.599495000000000         1.715901428108436     
    3.613971000000000         1.718536549453956     
    3.628448000000000         1.721163564567787     
    3.642925000000000         1.723782831077797     
    3.657401000000000         1.726394110565407     
    3.671878000000000         1.728997522239906     
    3.686354000000000         1.731593304519874     
    3.700831000000000         1.734181218986732     
    3.715307000000000         1.736761504059059     
    3.729784000000000         1.739334040527565     
    3.744260000000000         1.741899066810829     
    3.758737000000000         1.744456582908851     
    3.773213000000000         1.747006588821632     
    3.787690000000000         1.749549084549171     
    3.802166000000000         1.752084189300758     
    3.816643000000000         1.754611903076393     
    3.831120000000000         1.757132225876076     
    3.845596000000000         1.759645276909096     
    3.860073000000000         1.762151175384743     
    3.874549000000000         1.764649802093727     
    3.889026000000000         1.767141276245338     
    3.903502000000000         1.769625597839577     
    3.917979000000000         1.772102886085731     
    3.932455000000000         1.774573021774513     
    3.946932000000000         1.777036243324501     
    3.961408000000000         1.779492431526405     
    3.975885000000000         1.781941824798805     
    3.990361000000000         1.784384184723121     
    4.00                      1.785
    4.1                       1.78438
    4.2                       1.784
    4.4                       1.784
    5.0                       1.784
    6.0                       1.784