      2.25000     -2.34933
      2.50000     -2.08117
      2.75000     -1.80182
      3.00000     -1.52735
      3.25000     -1.27866
      3.50000     -1.03026
      3.75000    -0.760341
      4.00000    -0.453604
      4.25000   -0.0972310
      4.50000     0.226157
      4.75000     0.398324
      5.00000     0.411022
      5.25000     0.322542
      5.50000     0.177812
      5.75000   0.00937438
      6.00000    -0.117533
      6.25000    -0.138970
      6.50000    -0.123970
      6.75000    -0.169480
      7.00000    -0.259799
      7.25000    -0.375726
      7.50000    -0.504254
      7.75000    -0.634897
      8.00000    -0.788595
      8.25000    -0.943145
      8.50000     -1.10525
      8.75000     -1.24767
      9.00000     -1.38030
      9.25000     -1.51716
      9.50000     -1.62306
      9.75000     -1.72712
      10.0000     -1.80126
      10.2500     -1.84748
      10.5000     -1.93078
      10.7500     -2.10037
      11.0000     -2.38518
      11.2500     -2.93937
      11.5000     -3.92043
      11.7500     -4.93600
      12.0000     -6.22762
      12.2500     -7.54984
      12.5000         -Inf
      12.7500     -7.54984
      13.0000         -Inf
      13.2500         -Inf
      13.5000         -Inf
      13.7500         -Inf
      14.0000         -Inf
      14.2500         -Inf
      14.5000         -Inf