      4.00000    -0.147662
      4.25000     0.134574
      4.50000     0.345630
      4.75000     0.454571
      5.00000     0.463578
      5.25000     0.393140
      5.50000     0.271775
      5.75000     0.137049
      6.00000    0.0303804
      6.25000   -0.0213293
      6.50000   -0.0534585
      6.75000    -0.112338
      7.00000    -0.203922
      7.25000    -0.330454
      7.50000    -0.470445
      7.75000    -0.625012
      8.00000    -0.798617
      8.25000    -0.966437
      8.50000     -1.14045
      8.75000     -1.30892
      9.00000     -1.46623
      9.25000     -1.60504
      9.50000     -1.71245
      9.75000     -1.80762
      10.0000     -1.91130
      10.2500     -2.02250
      10.5000     -2.15492
      10.7500     -2.35231
      11.0000     -2.67089
      11.2500     -3.15934
      11.5000     -3.83754
      11.7500     -4.70350
      12.0000     -5.63076
      12.2500     -7.54984
      12.5000         -Inf
      12.7500         -Inf
      13.0000         -Inf
      13.2500         -Inf
      13.5000         -Inf
      13.7500         -Inf
      14.0000         -Inf
      14.2500         -Inf
      14.5000         -Inf
      14.7500         -Inf
      15.0000         -Inf
      15.2500         -Inf
      15.5000         -Inf
      15.7500         -Inf
      16.0000         -Inf
      16.2500         -Inf