      5.50000     0.396566
      5.75000     0.258779
      6.00000     0.134320
      6.25000    0.0365415
      6.50000   -0.0518706
      6.75000    -0.160236
      7.00000    -0.303995
      7.25000    -0.463498
      7.50000    -0.639767
      7.75000    -0.826452
      8.00000     -1.02354
      8.25000     -1.23779
      8.50000     -1.45088
      8.75000     -1.64706
      9.00000     -1.81846
      9.25000     -2.02240
      9.50000     -2.19065
      9.75000     -2.33622
      10.0000     -2.51329
      10.2500     -2.72131
      10.5000     -2.98423
      10.7500     -3.36233
      11.0000     -3.85542
      11.2500     -4.46957
      11.5000     -5.22146
      11.7500     -5.93706
      12.0000     -7.07272
      12.2500         -Inf
      12.5000         -Inf
      12.7500         -Inf
      13.0000         -Inf
      13.2500         -Inf
      13.5000         -Inf
      13.7500         -Inf
      14.0000         -Inf
      14.2500         -Inf
      14.5000         -Inf
      14.7500         -Inf
      15.0000         -Inf
      15.2500         -Inf
      15.5000         -Inf
      15.7500         -Inf
      16.0000         -Inf
      16.2500         -Inf
      16.5000         -Inf
      16.7500         -Inf
      17.0000         -Inf
      17.2500         -Inf
      17.5000         -Inf
      17.7500         -Inf