      4.50000     0.436162
      4.75000     0.536934
      5.00000     0.539491
      5.25000     0.465618
      5.50000     0.344706
      5.75000     0.211173
      6.00000     0.101275
      6.25000    0.0319217
      6.50000   -0.0246535
      6.75000    -0.104223
      7.00000    -0.222364
      7.25000    -0.364926
      7.50000    -0.523903
      7.75000    -0.699630
      8.00000    -0.881396
      8.25000     -1.06503
      8.50000     -1.26217
      8.75000     -1.44712
      9.00000     -1.61179
      9.25000     -1.75791
      9.50000     -1.88736
      9.75000     -2.01400
      10.0000     -2.15821
      10.2500     -2.30050
      10.5000     -2.47653
      10.7500     -2.74915
      11.0000     -3.17129
      11.2500     -3.72316
      11.5000     -4.45293
      11.7500     -5.28267
      12.0000     -6.29457
      12.2500     -7.24881
      12.5000         -Inf
      12.7500         -Inf
      13.0000         -Inf
      13.2500         -Inf
      13.5000         -Inf
      13.7500         -Inf
      14.0000         -Inf
      14.2500         -Inf
      14.5000         -Inf
      14.7500         -Inf
      15.0000         -Inf
      15.2500         -Inf
      15.5000         -Inf
      15.7500         -Inf
      16.0000         -Inf
      16.2500         -Inf
      16.5000         -Inf
      16.7500         -Inf