7.25	-1.060764863	-0.96704984		-1.1804303
7.50	-1.10145254		-1.007737468	-1.221118058
7.75	-1.198690944	-1.104975857	-1.318356484
8.00	-1.335985192	-1.242270168	-1.455650632
8.25	-1.455976862	-1.36226191		-1.575642182
8.50	-1.702216269	-1.608501287	-1.821881639
8.75	-1.781576007	-1.725074195	-1.846543869
9.00	-1.867208963	-1.836432527	-1.900333865
9.25	-1.960829301	-1.920421312	-2.005386299
9.50	-2.064464657	-2.026661074	-2.105875369
9.75	-2.138544155	-2.100060525	-2.180772395
10.00	-2.186233773	-2.142191016	-2.235252356
10.25	-2.213817941	-2.170770705	-2.261606257
10.50	-2.30489841		-2.287252217	-2.323292079
10.75	-2.475198134	-2.442509957	-2.510548388
11.00	-2.82144236		-2.782828543	-2.863827427
11.25	-3.408257074	-3.374672553	-3.444658047
11.50	-4.371903556	-4.246037754	-4.549854904
11.75	-5.42574643		-5.300204926	-5.603045742