-24.0 3.50576759931e-11
-23.9 1.27009489183e-10
-23.8 4.13905705432e-10
-23.7 1.22468749054e-09
-23.6 3.31816640792e-09
-23.5 8.29632443003e-09
-23.4 1.92778015476e-08
-23.3 4.18998956592e-08
-23.2 8.56850706905e-08
-23.1 1.65753472378e-07
-23.0 3.04795790535e-07
-22.9 5.35156605403e-07
-22.8 9.008339427e-07
-22.7 1.45918861025e-06
-22.6 2.28218122273e-06
-22.5 3.45701074978e-06
-22.4 5.0861040381e-06
-22.3 7.28648600924e-06
-22.2 1.01886310086e-05
-22.1 1.39349469284e-05
-22.0 1.86780704334e-05
-21.9 2.4579154206e-05
-21.8 3.18063097634e-05
-21.7 4.05333383798e-05
-21.6 5.09388447404e-05
-21.5 6.32057891704e-05
-21.4 7.75214991669e-05
-21.3 9.40781323563e-05
-21.2 0.000113073562184
-21.1 0.000134712644628
-21.0 0.000159208818189
-20.9 0.000186785989063
-20.8 0.000217680657242
-20.7 0.000252144245963
-20.6 0.000290445605175
-20.5 0.000332873668578
-20.4 0.000379740252573
-20.3 0.000431382993733
-20.2 0.000488168428838
-20.1 0.000550495228064
-20.0 0.000618797597531
-19.9 0.000693548872199
-19.8 0.000775265324191
-19.7 0.000864510215129
-19.6 0.000961898124148
-19.5 0.00106809958608
-19.4 0.00118384607696
-19.3 0.00130993538655
-19.2 0.00144723742045
-19.1 0.00159670047693
-19.0 0.0017593580469
-18.9 0.00193633618868
-18.8 0.00212886153279
-18.7 0.0023382699763
-18.6 0.00256601613045
-18.5 0.00281368359038
-18.4 0.00308299610133
-18.3 0.0033758297014
-18.2 0.00369422592785
-18.1 0.00404040618112
-18.0 0.00441678734841
-17.9 0.00482599879775
-17.8 0.00527090086265
-17.7 0.00575460494792
-17.6 0.00628049539853
-17.5 0.00685225328555
-17.4 0.00747388227681
-17.3 0.00814973677435
-17.2 0.00888455251662
-17.1 0.00968347986083
-17.0 0.0105521199794
-16.9 0.0114965642249
-16.8 0.012523436941
-16.7 0.0136399420192
-16.6 0.0148539135296
-16.5 0.0161738707814
-16.4 0.0176090781997
-16.3 0.0191696104403
-16.2 0.0208664231995
-16.1 0.022711430217