-24.0 8.82678632635e-11
-23.9 3.46119665619e-10
-23.8 1.20972765785e-09
-23.7 3.80699897892e-09
-23.6 1.08873217282e-08
-23.5 2.85337631617e-08
-23.4 6.90607931778e-08
-23.3 1.5544615153e-07
-23.2 3.27474937789e-07
-23.1 6.49464713386e-07
-23.0 1.21904455328e-06
-22.9 2.1760769553e-06
-22.8 3.71055232638e-06
-22.7 6.06823856781e-06
-22.6 9.55306319866e-06
-22.5 1.4525606458e-05
-22.4 2.13976031603e-05
-22.3 3.06228787501e-05
-22.2 4.26855805801e-05
-22.1 5.80868413499e-05
-22.0 7.73311028818e-05
-21.9 0.000100913249173
-21.8 0.00012930748952
-21.7 0.000162958649524
-21.6 0.000202276223286
-21.5 0.000247631257323
-21.4 0.000299355904735
-21.3 0.000357745321096
-21.2 0.000423061473243
-21.1 0.000495538391817
-21.0 0.000575388405919
-20.9 0.000662808940028
-20.8 0.000757989516049
-20.7 0.000861118675761
-20.6 0.000972390612273
-20.5 0.00109201136741
-20.4 0.00122020451144
-20.3 0.00135721627063
-20.2 0.00150332010635
-20.1 0.00165882077753
-20.0 0.00182405793775
-19.9 0.00199940932961
-19.8 0.00218529364541
-19.7 0.00238217312455
-19.6 0.00259055595605
-19.5 0.00281099855136
-19.4 0.00304410774713
-19.3 0.00329054299219
-19.2 0.00355101856703
-19.1 0.00382630587876
-19.0 0.00411723586908
-18.9 0.0044247015684
-18.8 0.00474966082525
-18.7 0.00509313923684
-18.6 0.00545623330376
-18.5 0.00584011382995
-18.4 0.0062460295874
-18.3 0.00667531126381
-18.2 0.00712937571115
-18.1 0.00760973051235
-18.0 0.00811797888382
-17.9 0.00865582493158
-17.8 0.00922507927946
-17.7 0.00982766508875
-17.6 0.0104656244895
-17.5 0.0111411254453
-17.4 0.0118564690734
-17.3 0.0126140974463
-17.2 0.0134166018988
-17.1 0.0142667318694
-17.0 0.0151674043057
-16.9 0.0161217136639
-16.8 0.0171329425387
-16.7 0.0182045729566
-16.6 0.0193402983731
-16.5 0.0205440364134
-16.4 0.0218199424005
-16.3 0.0231724237173
-16.2 0.024606155051
-16.1 0.0261260945727