-24.0 1.41700000724e-10
-23.9 4.90884311468e-10
-23.8 1.53410097072e-09
-23.7 4.36445863063e-09
-23.6 1.1397202775e-08
-23.5 2.75252691768e-08
-23.4 6.19036356926e-08
-23.3 1.3045933854e-07
-23.2 2.59114767869e-07
-23.1 4.87564588799e-07
-23.0 8.7329478055e-07
-22.9 1.49541678978e-06
-22.8 2.45784511704e-06
-22.7 3.8913890605e-06
-22.6 5.95445212327e-06
-22.5 8.83220938579e-06
-22.4 1.27343270238e-05
-22.3 1.78914624182e-05
-22.2 2.455091026e-05
-22.1 3.29718255827e-05
-22.0 4.3420458399e-05
-21.9 5.61657869081e-05
-21.8 7.1475853517e-05
-21.7 8.96150081602e-05
-21.6 0.000110842162619
-21.5 0.000135410069761
-21.4 0.000163565570147
-21.3 0.000195550698268
-21.2 0.000231604511401
-21.1 0.000271965492928
-21.0 0.0003168743852
-20.9 0.000366577320351
-20.8 0.000421329137023
-20.7 0.00048139679346
-20.6 0.000547062810326
-20.5 0.000618628698157
-20.4 0.000696418343516
-20.3 0.000780781344077
-20.2 0.000872096296021
-20.1 0.00097077404725
-20.0 0.00107726093755
-19.9 0.00119204205211
-19.8 0.00131564451854
-19.7 0.00144864087945
-19.6 0.00159165257415
-19.5 0.00174535356332
-19.4 0.00191047413069
-19.3 0.00208780489555
-19.2 0.00227820106976
-19.1 0.00248258699291
-19.0 0.00270196097902
-18.9 0.00293740050885
-18.8 0.003190067802
-18.7 0.00346121580408
-18.6 0.00375219462504
-18.5 0.00406445846656
-18.4 0.00439957307774
-18.3 0.00475922378046
-18.2 0.00514522410846
-18.1 0.00555952510627
-18.0 0.00600422533775
-17.9 0.00648158165683
-17.8 0.00699402079695
-17.7 0.00754415183973
-17.6 0.00813477962743
-17.5 0.00876891918907
-17.4 0.00944981125451
-17.3 0.0101809389369
-17.2 0.0109660456697
-17.1 0.0118091544901
-17.0 0.0127145887701
-16.9 0.0136869944995
-16.8 0.0147313642387
-16.7 0.015853062862
-16.6 0.0170578552268
-16.5 0.0183519359091
-16.4 0.0197419611606
-16.3 0.0212350832508
-16.2 0.0228389873723
-16.1 0.0245619312989