-24.0 2.8395373297e-12
-23.9 1.20054809062e-11
-23.8 4.50971870428e-11
-23.7 1.52081562372e-10
-23.6 4.648175899e-10
-23.5 1.29875255889e-09
-23.4 3.3437699887e-09
-23.3 7.98985851568e-09
-23.2 1.78355286394e-08
-23.1 3.74177507038e-08
-23.0 7.41798460621e-08
-22.9 1.39660571294e-07
-22.8 2.50849988606e-07
-22.7 4.31624323285e-07
-22.6 7.14151166402e-07
-22.5 1.1401534008e-06
-22.4 1.76193600626e-06
-22.3 2.64311099657e-06
-22.2 3.85899573037e-06
-22.1 5.49670125333e-06
-22.0 7.6549635183e-06
-21.9 1.0443796701e-05
-21.8 1.39840623298e-05
-21.7 1.84070508684e-05
-21.6 2.38541657307e-05
-21.5 3.04767863813e-05
-21.4 3.84363703095e-05
-21.3 4.79048360401e-05
-21.2 5.90652530993e-05
-21.1 7.21128513899e-05
-21.0 8.72563524521e-05
-20.9 0.000104719618719
-20.8 0.000124743613886
-20.7 0.000147588667369
-20.6 0.000173537037996
-20.5 0.000202895775896
-20.4 0.000235999886532
-20.3 0.000273215806561
-20.2 0.000314945207267
-20.1 0.000361629147622
-20.0 0.000413752605299
-19.9 0.000471849420288
-19.8 0.000536507691997
-19.7 0.000608375677017
-19.6 0.000688168241108
-19.5 0.000776673925512
-19.4 0.000874762694523
-19.3 0.000983394438491
-19.2 0.00110362831413
-19.1 0.00123663301237
-19.0 0.00138369805298
-18.9 0.0015462462153
-18.8 0.00172584722488
-18.7 0.00192423282843
-18.6 0.00214331340187
-18.5 0.00238519625164
-18.4 0.00265220578477
-18.3 0.00294690574146
-18.2 0.00327212370312
-18.1 0.00363097811073
-18.0 0.00402690805191
-17.9 0.00446370610172
-17.8 0.00494555453098
-17.7 0.00547706522821
-17.6 0.00606332371633
-17.5 0.00670993768464
-17.4 0.00742309049921
-17.3 0.00820960020261
-17.2 0.00907698456598
-17.1 0.0100335328142
-17.0 0.0110883847087
-16.9 0.0122516177424
-16.8 0.0135343432786
-16.7 0.0149488125511
-16.6 0.0165085335371
-16.5 0.0182283998173
-16.4 0.020124832653
-16.3 0.0222159376355
-16.2 0.0245216774014
-16.1 0.0270640620627