-24.0 4.42481742682e-23
-23.9 1.75473518321e-21
-23.8 5.06897484241e-20
-23.7 1.09680392349e-18
-23.6 1.82339506553e-17
-23.5 2.38367179495e-16
-23.4 2.50271206885e-15
-23.3 2.1515465374e-14
-23.2 1.54136554911e-13
-23.1 9.35067616187e-13
-23.0 4.87435561313e-12
-22.9 2.21270478437e-11
-22.8 8.85415533392e-11
-22.7 3.15797342718e-10
-22.6 1.01415333151e-09
-22.5 2.95966064835e-09
-22.4 7.91552843736e-09
-22.3 1.95502548617e-08
-22.2 4.49056343524e-08
-22.1 9.65381405833e-08
-22.0 1.95378342694e-07
-21.9 3.74231585609e-07
-21.8 6.81702852289e-07
-21.7 1.18620410257e-06
-21.6 1.97962763458e-06
-21.5 3.18026648282e-06
-21.4 4.93463613892e-06
-21.3 7.41798567237e-06
-21.2 1.08334523166e-05
-21.1 1.54099792562e-05
-21.0 2.13992534428e-05
-20.9 2.90720104035e-05
-20.8 3.87140896133e-05
-20.7 5.06226110053e-05
-20.6 6.51025917434e-05
-20.5 8.24642469874e-05
-20.4 0.000103021133533
-20.3 0.000127089212979
-20.2 0.000154986840041
-20.1 0.000187035626513
-20.0 0.000223562093798
-19.9 0.000264900005878
-19.8 0.000311393267701
-19.7 0.000363399278036
-19.6 0.000421292637574
-19.5 0.000485469129449
-19.4 0.000556349907985
-19.3 0.000634385850342
-19.2 0.000720062043701
-19.1 0.00081390239671
-19.0 0.000916474377927
-18.9 0.00102839389564
-18.8 0.00115033034299
-18.7 0.00128301184003
-18.6 0.00142723071021
-18.5 0.00158384923373
-18.4 0.00175380572379
-18.3 0.00193812097512
-18.2 0.00213790513657
-18.1 0.00235436506231
-18.0 0.00258881219857
-17.9 0.00284267106543
-17.8 0.00311748839601
-17.7 0.00341494299874
-17.6 0.00373685641177
-17.5 0.00408520442285
-17.4 0.00446212953233
-17.3 0.00486995444235
-17.2 0.0053111966609
-17.1 0.00578858431564
-17.0 0.00630507327972
-16.9 0.00686386571936
-16.8 0.0074684301815
-16.7 0.00812252334937
-16.6 0.00883021360354
-16.5 0.00959590653759
-16.4 0.0104243725893
-16.3 0.0113207769616
-16.2 0.0122907120211
-16.1 0.0133402323785