-24.0 2.5007166264e-17
-23.9 2.73671083634e-16
-23.8 2.4522727268e-15
-23.7 1.831148948e-14
-23.6 1.15787330268e-13
-23.5 6.29122524137e-13
-23.4 2.97674408148e-12
-23.3 1.24155270574e-11
-23.2 4.61558225738e-11
-23.1 1.54497567339e-10
-23.0 4.69958968672e-10
-22.9 1.31008036426e-09
-22.8 3.37264357806e-09
-22.7 8.07455988215e-09
-22.6 1.80932653955e-08
-22.5 3.8167564244e-08
-22.4 7.62006127471e-08
-22.3 1.44681544084e-07
-22.2 2.62408226258e-07
-22.1 4.56458744749e-07
-22.0 7.64331108911e-07
-21.9 1.23615565199e-06
-21.8 1.93688579501e-06
-21.7 2.94838979968e-06
-21.6 4.37139527008e-06
-21.5 6.32727406494e-06
-21.4 8.95969218072e-06
-21.3 1.2436182164e-05
-21.2 1.69497214439e-05
-21.1 2.27204172197e-05
-21.0 2.99974074116e-05
-20.9 3.90610890897e-05
-20.8 5.02257827953e-05
-20.7 6.38429354937e-05
-20.6 8.03049586233e-05
-20.5 0.000100049792513
-20.4 0.00012356628556
-20.3 0.000151400476786
-20.2 0.000184162874105
-20.1 0.000222536828033
-20.0 0.00026728811156
-19.9 0.000319275831393
-19.8 0.000379464813662
-19.7 0.000448939628321
-19.6 0.000528920440883
-19.5 0.000620780907868
-19.4 0.000726068363596
-19.3 0.000846526580957
-19.2 0.000984121427976
-19.1 0.0011410697858
-19.0 0.00131987214277
-18.9 0.00152334933402
-18.8 0.00175468395795
-18.7 0.0020174670697
-18.6 0.0023157508297
-18.5 0.00265410787301
-18.4 0.0030376982634
-18.3 0.00347234500724
-18.2 0.00396461922754
-18.1 0.0045219362394
-18.0 0.00515266392715
-17.9 0.0058662450032
-17.8 0.00667333493091
-17.7 0.007585957522
-17.6 0.00861768047713
-17.5 0.00978381342857
-17.4 0.0111016313721
-17.3 0.0125906267453
-17.2 0.014272793827
-17.1 0.0161729496031
-17.0 0.0183190957777
-16.9 0.0207428272036
-16.8 0.023479792689
-16.7 0.0265702148951
-16.6 0.0300594769033
-16.5 0.0339987840026
-16.4 0.0384459103423
-16.3 0.043466041335
-16.2 0.0491327240862
-16.1 0.055528939706
