-24.0 9.4820029182e-16
-23.9 9.87334959795e-15
-23.8 8.41791180234e-14
-23.7 5.98079993337e-13
-23.6 3.59829399027e-12
-23.5 1.86024796163e-11
-23.4 8.37485124643e-11
-23.3 3.32353888074e-10
-23.2 1.17560682383e-09
-23.1 3.74418456517e-09
-23.0 1.08366624334e-08
-22.9 2.87430956724e-08
-22.8 7.04054129818e-08
-22.7 1.6038157081e-07
-22.6 3.41942085882e-07
-22.5 6.8632536282e-07
-22.4 1.3037492352e-06
-22.3 2.35531359082e-06
-22.2 4.06455541246e-06
-22.1 6.72724329774e-06
-22.0 1.07180835746e-05
-21.9 1.64933457031e-05
-21.8 2.45889292376e-05
-21.7 3.56139793944e-05
-21.6 5.02406999199e-05
-21.5 6.91914209079e-05
-21.4 9.32242058342e-05
-21.3 0.000123118319217
-21.2 0.000159660751222
-21.1 0.000203634756302
-21.0 0.000255811064303
-20.9 0.000316942114516
-20.8 0.000387759384398
-20.7 0.000468973659484
-20.6 0.000561277930066
-20.5 0.00066535250357
-20.4 0.000781871881586
-20.3 0.000911512955807
-20.2 0.00105496411484
-20.1 0.00121293491187
-20.0 0.00138616601105
-19.9 0.00157543920059
-19.8 0.00178158732661
-19.7 0.00200550406098
-19.6 0.00224815346659
-19.5 0.00251057936402
-19.4 0.00279391453505
-19.3 0.00309938982224
-19.2 0.00342834319974
-19.1 0.00378222890187
-19.0 0.00416262670221
-18.9 0.00457125143935
-18.8 0.00500996288653
-18.7 0.00548077606218
-18.6 0.00598587207706
-18.5 0.00652760961294
-18.4 0.00710853712594
-18.3 0.00773140586769
-18.2 0.00839918381666
-18.1 0.00911507061332
-18.0 0.00988251359356
-17.9 0.0107052250177
-17.8 0.0115872005952
-17.7 0.0125327394094
-17.6 0.0135464653513
-17.5 0.0146333501774
-17.4 0.0157987383138
-17.3 0.0170483735346
-17.2 0.0183884276532
-17.1 0.0198255313723
-17.0 0.0213668074506
-16.9 0.0230199063537
-16.8 0.0247930445693
-16.7 0.0266950457798
-16.6 0.0287353851004
-16.5 0.0309242366041
-16.4 0.0332725243731
-16.3 0.0357919773337
-16.2 0.038495188149
-16.1 0.041395676466