-24.0 4.35836305575e-18
-23.9 6.59422379544e-17
-23.8 7.91395560268e-16
-23.7 7.68892822584e-15
-23.6 6.16103902783e-14
-23.5 4.14115377245e-13
-23.4 2.37128305839e-12
-23.3 1.17317986372e-11
-23.2 5.07984648885e-11
-23.1 1.94776031917e-10
-23.0 6.6844441392e-10
-22.9 2.07337124883e-09
-22.8 5.86455608121e-09
-22.7 1.52497879624e-08
-22.6 3.67263060109e-08
-22.5 8.24720617608e-08
-22.4 1.73750500272e-07
-22.3 3.45360844963e-07
-22.2 6.50985976299e-07
-22.1 1.16909468533e-06
-22.0 2.00889312475e-06
-21.9 3.31573568737e-06
-21.8 5.27542324839e-06
-21.7 8.11693548315e-06
-21.6 1.2113338456e-05
-21.5 1.75808385306e-05
-21.4 2.48761755518e-05
-21.3 3.43927264701e-05
-21.2 4.655580339e-05
-21.1 6.18176712695e-05
-21.0 8.06527872292e-05
-20.9 0.000103553691333
-20.8 0.000131027877129
-20.7 0.000163595857921
-20.6 0.000201790537038
-20.5 0.000246157897931
-20.4 0.000297258958584
-20.3 0.000355672886195
-20.2 0.000422001141073
-20.1 0.000496872510007
-20.0 0.000580948894942
-19.9 0.000674931738372
-19.8 0.000779568988791
-19.7 0.000895662534442
-19.6 0.00102407605929
-19.5 0.00116574329983
-19.4 0.00132167670392
-19.3 0.00149297651316
-19.2 0.00168084030755
-19.1 0.00188657306638
-19.0 0.00211159781181
-18.9 0.00235746691257
-18.8 0.00262587413468
-18.7 0.00291866753447
-18.6 0.00323786329699
-18.5 0.00358566063052
-18.4 0.00396445783553
-18.3 0.00437686967418
-18.2 0.00482574617503
-18.1 0.00531419301686
-18.0 0.0058455936453
-17.9 0.00642363328733
-17.8 0.00705232504088
-17.7 0.00773603823015
-17.6 0.00847952923264
-17.5 0.00928797499983
-17.4 0.010167009512
-17.3 0.0111227634276
-17.2 0.0121619072087
-17.1 0.0132916980295
-17.0 0.0145200307989
-16.9 0.0158554936586
-16.8 0.0173074283479
-16.7 0.0188859958612
-16.6 0.0206022478605
-16.5 0.0224682043461
-16.4 0.024496938132
-16.3 0.0267026667199
-16.2 0.0291008522188
-16.1 0.0317083100125