-24.0 3.49921205103e-16
-23.9 3.68752260794e-15
-23.8 3.18181223797e-14
-23.7 2.28786003291e-13
-23.6 1.39305037084e-12
-23.5 7.28854792972e-12
-23.4 3.32083485433e-11
-23.3 1.33373927609e-10
-23.2 4.77454812331e-10
-23.1 1.53896033091e-09
-23.0 4.5078112373e-09
-22.9 1.2100511178e-08
-22.8 2.9996889759e-08
-22.7 6.9155167803e-08
-22.6 1.49218521767e-07
-22.5 3.03109972437e-07
-22.4 5.82725795489e-07
-22.3 1.06541526467e-06
-22.2 1.86072942481e-06
-22.1 3.11678834659e-06
-22.0 5.02559302011e-06
-21.9 7.82670452696e-06
-21.8 1.18089094879e-05
-21.7 1.73097453884e-05
-21.6 2.47130221147e-05
-21.5 3.44447015455e-05
-21.4 4.69676541131e-05
-21.3 6.27758865459e-05
-21.2 8.23888318156e-05
-21.1 0.000106346225904
-21.0 0.000135203987846
-20.9 0.000169531391926
-20.8 0.000209909693244
-20.7 0.000256932254329
-20.6 0.00031120612965
-20.5 0.000373355000252
-20.4 0.000444023311696
-20.3 0.000523881452093
-20.2 0.000613631808571
-20.1 0.000714015555266
-20.0 0.000825820049173
-19.9 0.000949886738032
-19.8 0.0010871195138
-19.7 0.00123849347389
-19.6 0.00140506407913
-19.5 0.00158797672071
-19.4 0.00178847672959
-19.3 0.00200791987861
-19.2 0.00224778344294
-19.1 0.00250967789634
-19.0 0.00279535933157
-18.9 0.00310674270207
-18.8 0.00344591599052
-18.7 0.00381515541727
-18.6 0.00421694180929
-18.5 0.00465397825787
-18.4 0.00512920920149
-18.3 0.00564584107894
-18.2 0.0062073647073
-18.1 0.0068175795502
-18.0 0.00748062005311
-17.9 0.00820098423577
-17.8 0.00898356474594
-17.7 0.00983368259473
-17.6 0.010757123811
-17.5 0.0117601792717
-17.4 0.0128496879864
-17.3 0.0140330841362
-17.2 0.0153184481942
-17.1 0.0167145624811
-17.0 0.0182309715387
-16.9 0.0198780477403
-16.8 0.0216670625883
-16.7 0.0236102641905
-16.6 0.0257209614497
-16.5 0.0280136155457
-16.4 0.0305039393378
-16.3 0.0332090053736
-16.2 0.0361473632459
-16.1 0.0393391671048