     -23.2254902           0
     -23.1254902           0
     -23.0254902           0
     -22.9254902           0
     -22.8254902           0
     -22.7254902           0
     -22.6254902           0
     -22.5254902           0
     -22.4254902           0
     -22.3254902           0
     -22.2254902           3
     -22.1254902           4
     -22.0254902           7
     -21.9254902          10
     -21.8254902          22
     -21.7254902          35
     -21.6254902          61
     -21.5254902         125
     -21.4254902         214
     -21.3254902         371
     -21.2254902         602
     -21.1254902        1013
     -21.0254902        1586
     -20.9254902        2491
     -20.8254902        3889
     -20.7254902        5892
     -20.6254902        8705
     -20.5254902       12590
     -20.4254902       17564
     -20.3254902       24238
     -20.2254902       32440
     -20.1254902       42682
     -20.0254902       54688
     -19.9254902       69198
     -19.8254902       86627
     -19.7254902      106981
     -19.6254902      131027
     -19.5254902      158710
     -19.4254902      190682
     -19.3254902      227970
     -19.2254902      270523
     -19.1254902      319150
     -19.0254902      374452
     -18.9254902      436979
     -18.8254902      507414
     -18.7254902      585644
     -18.6254902      671604
     -18.5254902      765542
     -18.4254902      867824
     -18.3254902      977912
     -18.2254902     1096736
     -18.1254902     1225274
     -18.0254902     1364283
     -17.9254902     1515134
     -17.8254902     1679457
     -17.7254902     1862555
     -17.6254902     2067275
     -17.5254902     2302148
     -17.4254902     2571188
     -17.3254902     2875383
     -17.2254902     3208219
     -17.1254902     3564274
     -17.0254902     3937158
     -16.9254902     4317299
     -16.8254902     4697762
     -16.7254902     5074825
     -16.6254902     5443572
     -16.5254902     5801054
     -16.4254902     6147127
     -16.3254902     6476940
     -16.2254902     6790056
     -16.1254902     7086046
     -16.0254902     7363710
     -15.9254902     7625026
     -15.8254902     7866717
     -15.7254902     8092762
     -15.6254902     8301398
     -15.5254902     8493718
     -15.4254902     8671048
     -15.3254902     8834760
