     -23.2254902        1727
     -23.1254902        2217
     -23.0254902        2832
     -22.9254902        3543
     -22.8254902        4523
     -22.7254902        5655
     -22.6254902        7097
     -22.5254902        8760
     -22.4254902       10901
     -22.3254902       13862
     -22.2254902       17745
     -22.1254902       22911
     -22.0254902       29557
     -21.9254902       37488
     -21.8254902       46746
     -21.7254902       57337
     -21.6254902       68915
     -21.5254902       81024
     -21.4254902       94024
     -21.3254902      107613
     -21.2254902      121877
     -21.1254902      136529
     -21.0254902      152015
     -20.9254902      168390
     -20.8254902      185853
     -20.7254902      204537
     -20.6254902      224825
     -20.5254902      246168
     -20.4254902      269760
     -20.3254902      295141
     -20.2254902      322836
     -20.1254902      352465
     -20.0254902      384804
     -19.9254902      419672
     -19.8254902      457168
     -19.7254902      497973
     -19.6254902      542845
     -19.5254902      591025
     -19.4254902      643475
     -19.3254902      700762
     -19.2254902      762480
     -19.1254902      828614
     -19.0254902      899183
     -18.9254902      974029
     -18.8254902     1053675
     -18.7254902     1137511
     -18.6254902     1226583
     -18.5254902     1320497
     -18.4254902     1420404
     -18.3254902     1527139
     -18.2254902     1641636
     -18.1254902     1764633
     -18.0254902     1898575
     -17.9254902     2045213
     -17.8254902     2208848
     -17.7254902     2394155
     -17.6254902     2607221
     -17.5254902     2850284
     -17.4254902     3122753
     -17.3254902     3419771
     -17.2254902     3740045
     -17.1254902     4080529
     -17.0254902     4432476
     -16.9254902     4789349
     -16.8254902     5146868
     -16.7254902     5501325
     -16.6254902     5848548
     -16.5254902     6183383
     -16.4254902     6504692
     -16.3254902     6814658
     -16.2254902     7105899
     -16.1254902     7381521
     -16.0254902     7640904
     -15.9254902     7882865
     -15.8254902     8107852
     -15.7254902     8317208
     -15.6254902     8509557
     -15.5254902     8688049
     -15.4254902     8852380
     -15.3254902     9004011
