     -23.2254902           0
     -23.1254902           0
     -23.0254902           0
     -22.9254902           0
     -22.8254902           0
     -22.7254902           0
     -22.6254902           0
     -22.5254902           0
     -22.4254902           0
     -22.3254902           1
     -22.2254902           1
     -22.1254902           3
     -22.0254902           3
     -21.9254902           6
     -21.8254902          11
     -21.7254902          16
     -21.6254902          21
     -21.5254902          47
     -21.4254902          73
     -21.3254902         116
     -21.2254902         205
     -21.1254902         326
     -21.0254902         549
     -20.9254902         884
     -20.8254902        1428
     -20.7254902        2191
     -20.6254902        3314
     -20.5254902        4874
     -20.4254902        7067
     -20.3254902        9902
     -20.2254902       13529
     -20.1254902       18043
     -20.0254902       23927
     -19.9254902       31078
     -19.8254902       39896
     -19.7254902       50833
     -19.6254902       63902
     -19.5254902       79947
     -19.4254902       99457
     -19.3254902      122457
     -19.2254902      150006
     -19.1254902      182502
     -19.0254902      221064
     -18.9254902      265555
     -18.8254902      316887
     -18.7254902      375599
     -18.6254902      441564
     -18.5254902      516581
     -18.4254902      600666
     -18.3254902      695432
     -18.2254902      802950
     -18.1254902      925896
     -18.0254902     1068657
     -17.9254902     1235468
     -17.8254902     1430070
     -17.7254902     1651425
     -17.6254902     1893942
     -17.5254902     2149532
     -17.4254902     2410860
     -17.3254902     2673305
     -17.2254902     2930267
     -17.1254902     3179051
     -17.0254902     3415213
     -16.9254902     3639168
     -16.8254902     3850315
     -16.7254902     4046000
     -16.6254902     4228098
     -16.5254902     4396190
     -16.4254902     4549237
     -16.3254902     4690626
     -16.2254902     4817671
     -16.1254902     4934025
     -16.0254902     5038343
     -15.9254902     5132520
     -15.8254902     5217337
     -15.7254902     5294385
     -15.6254902     5363356
     -15.5254902     5425639
     -15.4254902     5482086
     -15.3254902     5533221
