     -23.2254902         754
     -23.1254902         963
     -23.0254902        1243
     -22.9254902        1599
     -22.8254902        2026
     -22.7254902        2574
     -22.6254902        3321
     -22.5254902        4362
     -22.4254902        5825
     -22.3254902        7755
     -22.2254902       10287
     -22.1254902       13378
     -22.0254902       17076
     -21.9254902       21513
     -21.8254902       26391
     -21.7254902       31888
     -21.6254902       37798
     -21.5254902       44245
     -21.4254902       51023
     -21.3254902       58154
     -21.2254902       65779
     -21.1254902       74328
     -21.0254902       83225
     -20.9254902       93102
     -20.8254902      104035
     -20.7254902      115965
     -20.6254902      129095
     -20.5254902      143464
     -20.4254902      159267
     -20.3254902      177050
     -20.2254902      196120
     -20.1254902      217373
     -20.0254902      240596
     -19.9254902      265988
     -19.8254902      293833
     -19.7254902      324802
     -19.6254902      358765
     -19.5254902      395904
     -19.4254902      436908
     -19.3254902      480833
     -19.2254902      529486
     -19.1254902      581889
     -19.0254902      639098
     -18.9254902      701242
     -18.8254902      767926
     -18.7254902      840566
     -18.6254902      921044
     -18.5254902     1009453
     -18.4254902     1107529
     -18.3254902     1217955
     -18.2254902     1344063
     -18.1254902     1488990
     -18.0254902     1653998
     -17.9254902     1838193
     -17.8254902     2037589
     -17.7254902     2251199
     -17.6254902     2474724
     -17.5254902     2703232
     -17.4254902     2932756
     -17.3254902     3159775
     -17.2254902     3379151
     -17.1254902     3587927
     -17.0254902     3788330
     -16.9254902     3977817
     -16.8254902     4154568
     -16.7254902     4320955
     -16.6254902     4473936
     -16.5254902     4616181
     -16.4254902     4746136
     -16.3254902     4865731
     -16.2254902     4974346
     -16.1254902     5074194
     -16.0254902     5163672
     -15.9254902     5244829
     -15.8254902     5318090
     -15.7254902     5385078
     -15.6254902     5445319
     -15.5254902     5500309
     -15.4254902     5550475
     -15.3254902     5595911
