     -23.2254902         183
     -23.1254902         235
     -23.0254902         316
     -22.9254902         413
     -22.8254902         536
     -22.7254902         718
     -22.6254902         995
     -22.5254902        1366
     -22.4254902        1880
     -22.3254902        2612
     -22.2254902        3566
     -22.1254902        4754
     -22.0254902        6218
     -21.9254902        7934
     -21.8254902       10008
     -21.7254902       12351
     -21.6254902       15017
     -21.5254902       17801
     -21.4254902       21031
     -21.3254902       24551
     -21.2254902       28378
     -21.1254902       32609
     -21.0254902       37157
     -20.9254902       42339
     -20.8254902       48067
     -20.7254902       54539
     -20.6254902       61734
     -20.5254902       69790
     -20.4254902       78663
     -20.3254902       88582
     -20.2254902       99830
     -20.1254902      112029
     -20.0254902      125872
     -19.9254902      141517
     -19.8254902      158570
     -19.7254902      177572
     -19.6254902      198723
     -19.5254902      222305
     -19.4254902      247968
     -19.3254902      277087
     -19.2254902      309164
     -19.1254902      344838
     -19.0254902      384540
     -18.9254902      429046
     -18.8254902      478256
     -18.7254902      532916
     -18.6254902      594780
     -18.5254902      665204
     -18.4254902      746255
     -18.3254902      839971
     -18.2254902      947009
     -18.1254902     1065345
     -18.0254902     1193129
     -17.9254902     1327376
     -17.8254902     1464118
     -17.7254902     1601034
     -17.6254902     1735283
     -17.5254902     1865136
     -17.4254902     1987872
     -17.3254902     2104562
     -17.2254902     2213720
     -17.1254902     2314404
     -17.0254902     2409047
     -16.9254902     2496763
     -16.8254902     2575937
     -16.7254902     2649788
     -16.6254902     2715879
     -16.5254902     2777033
     -16.4254902     2831353
     -16.3254902     2881027
     -16.2254902     2925722
     -16.1254902     2965254
     -16.0254902     3000840
     -15.9254902     3032668
     -15.8254902     3061132
     -15.7254902     3086546
     -15.6254902     3109353
     -15.5254902     3129722
     -15.4254902     3148303
     -15.3254902     3165042
