     -23.2254902           0
     -23.1254902           0
     -23.0254902           0
     -22.9254902           0
     -22.8254902           0
     -22.7254902           0
     -22.6254902           0
     -22.5254902           0
     -22.4254902           0
     -22.3254902           0
     -22.2254902           1
     -22.1254902           1
     -22.0254902           1
     -21.9254902           1
     -21.8254902           2
     -21.7254902           2
     -21.6254902           3
     -21.5254902           5
     -21.4254902           8
     -21.3254902          16
     -21.2254902          24
     -21.1254902          64
     -21.0254902         115
     -20.9254902         206
     -20.8254902         346
     -20.7254902         627
     -20.6254902         964
     -20.5254902        1568
     -20.4254902        2404
     -20.3254902        3460
     -20.2254902        4854
     -20.1254902        6761
     -20.0254902        9303
     -19.9254902       12569
     -19.8254902       16677
     -19.7254902       21851
     -19.6254902       28504
     -19.5254902       36636
     -19.4254902       46671
     -19.3254902       59250
     -19.2254902       74767
     -19.1254902       93447
     -19.0254902      116012
     -18.9254902      143088
     -18.8254902      175167
     -18.7254902      212610
     -18.6254902      255925
     -18.5254902      306469
     -18.4254902      365060
     -18.3254902      433338
     -18.2254902      513822
     -18.1254902      609152
     -18.0254902      723169
     -17.9254902      856917
     -17.8254902     1007410
     -17.7254902     1167987
     -17.6254902     1332869
     -17.5254902     1497258
     -17.4254902     1657340
     -17.3254902     1810282
     -17.2254902     1953127
     -17.1254902     2086977
     -17.0254902     2210442
     -16.9254902     2324081
     -16.8254902     2427736
     -16.7254902     2521601
     -16.6254902     2606780
     -16.5254902     2682830
     -16.4254902     2751536
     -16.3254902     2812247
     -16.2254902     2866913
     -16.1254902     2914993
     -16.0254902     2957449
     -15.9254902     2995232
     -15.8254902     3028777
     -15.7254902     3058422
     -15.6254902     3084371
     -15.5254902     3107515
     -15.4254902     3128545
     -15.3254902     3147248
