     -23.2254902          24
     -23.1254902          36
     -23.0254902          48
     -22.9254902          66
     -22.8254902          91
     -22.7254902         131
     -22.6254902         181
     -22.5254902         279
     -22.4254902         424
     -22.3254902         589
     -22.2254902         829
     -22.1254902        1178
     -22.0254902        1567
     -21.9254902        2074
     -21.8254902        2689
     -21.7254902        3404
     -21.6254902        4258
     -21.5254902        5181
     -21.4254902        6251
     -21.3254902        7456
     -21.2254902        8805
     -21.1254902       10342
     -21.0254902       12120
     -20.9254902       14087
     -20.8254902       16315
     -20.7254902       18908
     -20.6254902       21775
     -20.5254902       25122
     -20.4254902       28909
     -20.3254902       33156
     -20.2254902       38067
     -20.1254902       43544
     -20.0254902       49821
     -19.9254902       56813
     -19.8254902       64881
     -19.7254902       74009
     -19.6254902       84350
     -19.5254902       96260
     -19.4254902      109740
     -19.3254902      125059
     -19.2254902      142543
     -19.1254902      162360
     -19.0254902      184862
     -18.9254902      210672
     -18.8254902      239984
     -18.7254902      274548
     -18.6254902      314035
     -18.5254902      359563
     -18.4254902      410881
     -18.3254902      466699
     -18.2254902      525759
     -18.1254902      586583
     -18.0254902      647268
     -17.9254902      706722
     -17.8254902      764014
     -17.7254902      817878
     -17.6254902      868148
     -17.5254902      915711
     -17.4254902      960291
     -17.3254902     1000901
     -17.2254902     1038854
     -17.1254902     1074235
     -17.0254902     1106655
     -16.9254902     1136755
     -16.8254902     1164064
     -16.7254902     1189189
     -16.6254902     1211918
     -16.5254902     1231996
     -16.4254902     1250677
     -16.3254902     1267346
     -16.2254902     1282293
     -16.1254902     1295369
     -16.0254902     1307187
     -15.9254902     1317561
     -15.8254902     1326956
     -15.7254902     1335271
     -15.6254902     1342709
     -15.5254902     1349331
     -15.4254902     1355125
     -15.3254902     1360354
