     -23.2254902           0
     -23.1254902           0
     -23.0254902           0
     -22.9254902           0
     -22.8254902           0
     -22.7254902           0
     -22.6254902           0
     -22.5254902           0
     -22.4254902           0
     -22.3254902           0
     -22.2254902           0
     -22.1254902           0
     -22.0254902           0
     -21.9254902           0
     -21.8254902           0
     -21.7254902           0
     -21.6254902           0
     -21.5254902           0
     -21.4254902           0
     -21.3254902           3
     -21.2254902           5
     -21.1254902           9
     -21.0254902          12
     -20.9254902          25
     -20.8254902          55
     -20.7254902          95
     -20.6254902         176
     -20.5254902         283
     -20.4254902         427
     -20.3254902         680
     -20.2254902        1024
     -20.1254902        1484
     -20.0254902        2131
     -19.9254902        3037
     -19.8254902        4211
     -19.7254902        5804
     -19.6254902        7860
     -19.5254902       10464
     -19.4254902       13953
     -19.3254902       18439
     -19.2254902       24220
     -19.1254902       31712
     -19.0254902       41251
     -18.9254902       52845
     -18.8254902       67218
     -18.7254902       84455
     -18.6254902      105494
     -18.5254902      130966
     -18.4254902      161327
     -18.3254902      198472
     -18.2254902      243676
     -18.1254902      298684
     -18.0254902      363255
     -17.9254902      436038
     -17.8254902      513395
     -17.7254902      591105
     -17.6254902      666326
     -17.5254902      738318
     -17.4254902      805580
     -17.3254902      867780
     -17.2254902      924916
     -17.1254902      977352
     -17.0254902     1025252
     -16.9254902     1068178
     -16.8254902     1106942
     -16.7254902     1141703
     -16.6254902     1172794
     -16.5254902     1199987
     -16.4254902     1224119
     -16.3254902     1245754
     -16.2254902     1264710
     -16.1254902     1281064
     -16.0254902     1295592
     -15.9254902     1308161
     -15.8254902     1319416
     -15.7254902     1329176
     -15.6254902     1337751
     -15.5254902     1345275
     -15.4254902     1351708
     -15.3254902     1357410
